signal_id,id_measurement,phase
8712,2904,0
8713,2904,1
8714,2904,2
8715,2905,0
8716,2905,1
8717,2905,2
8718,2906,0
8719,2906,1
8720,2906,2
8721,2907,0
8722,2907,1
8723,2907,2
8724,2908,0
8725,2908,1
8726,2908,2
8727,2909,0
8728,2909,1
8729,2909,2
8730,2910,0
8731,2910,1
8732,2910,2
8733,2911,0
8734,2911,1
8735,2911,2
8736,2912,0
8737,2912,1
8738,2912,2
8739,2913,0
8740,2913,1
8741,2913,2
8742,2914,0
8743,2914,1
8744,2914,2
8745,2915,0
8746,2915,1
8747,2915,2
8748,2916,0
8749,2916,1
8750,2916,2
8751,2917,0
8752,2917,1
8753,2917,2
8754,2918,0
8755,2918,1
8756,2918,2
8757,2919,0
8758,2919,1
8759,2919,2
8760,2920,0
8761,2920,1
8762,2920,2
8763,2921,0
8764,2921,1
8765,2921,2
8766,2922,0
8767,2922,1
8768,2922,2
8769,2923,0
8770,2923,1
8771,2923,2
8772,2924,0
8773,2924,1
8774,2924,2
8775,2925,0
8776,2925,1
8777,2925,2
8778,2926,0
8779,2926,1
8780,2926,2
8781,2927,0
8782,2927,1
8783,2927,2
8784,2928,0
8785,2928,1
8786,2928,2
8787,2929,0
8788,2929,1
8789,2929,2
8790,2930,0
8791,2930,1
8792,2930,2
8793,2931,0
8794,2931,1
8795,2931,2
8796,2932,0
8797,2932,1
8798,2932,2
8799,2933,0
8800,2933,1
8801,2933,2
8802,2934,0
8803,2934,1
8804,2934,2
8805,2935,0
8806,2935,1
8807,2935,2
8808,2936,0
8809,2936,1
8810,2936,2
8811,2937,0
8812,2937,1
8813,2937,2
8814,2938,0
8815,2938,1
8816,2938,2
8817,2939,0
8818,2939,1
8819,2939,2
8820,2940,0
8821,2940,1
8822,2940,2
8823,2941,0
8824,2941,1
8825,2941,2
8826,2942,0
8827,2942,1
8828,2942,2
8829,2943,0
8830,2943,1
8831,2943,2
8832,2944,0
8833,2944,1
8834,2944,2
8835,2945,0
8836,2945,1
8837,2945,2
8838,2946,0
8839,2946,1
8840,2946,2
8841,2947,0
8842,2947,1
8843,2947,2
8844,2948,0
8845,2948,1
8846,2948,2
8847,2949,0
8848,2949,1
8849,2949,2
8850,2950,0
8851,2950,1
8852,2950,2
8853,2951,0
8854,2951,1
8855,2951,2
8856,2952,0
8857,2952,1
8858,2952,2
8859,2953,0
8860,2953,1
8861,2953,2
8862,2954,0
8863,2954,1
8864,2954,2
8865,2955,0
8866,2955,1
8867,2955,2
8868,2956,0
8869,2956,1
8870,2956,2
8871,2957,0
8872,2957,1
8873,2957,2
8874,2958,0
8875,2958,1
8876,2958,2
8877,2959,0
8878,2959,1
8879,2959,2
8880,2960,0
8881,2960,1
8882,2960,2
8883,2961,0
8884,2961,1
8885,2961,2
8886,2962,0
8887,2962,1
8888,2962,2
8889,2963,0
8890,2963,1
8891,2963,2
8892,2964,0
8893,2964,1
8894,2964,2
8895,2965,0
8896,2965,1
8897,2965,2
8898,2966,0
8899,2966,1
8900,2966,2
8901,2967,0
8902,2967,1
8903,2967,2
8904,2968,0
8905,2968,1
8906,2968,2
8907,2969,0
8908,2969,1
8909,2969,2
8910,2970,0
8911,2970,1
8912,2970,2
8913,2971,0
8914,2971,1
8915,2971,2
8916,2972,0
8917,2972,1
8918,2972,2
8919,2973,0
8920,2973,1
8921,2973,2
8922,2974,0
8923,2974,1
8924,2974,2
8925,2975,0
8926,2975,1
8927,2975,2
8928,2976,0
8929,2976,1
8930,2976,2
8931,2977,0
8932,2977,1
8933,2977,2
8934,2978,0
8935,2978,1
8936,2978,2
8937,2979,0
8938,2979,1
8939,2979,2
8940,2980,0
8941,2980,1
8942,2980,2
8943,2981,0
8944,2981,1
8945,2981,2
8946,2982,0
8947,2982,1
8948,2982,2
8949,2983,0
8950,2983,1
8951,2983,2
8952,2984,0
8953,2984,1
8954,2984,2
8955,2985,0
8956,2985,1
8957,2985,2
8958,2986,0
8959,2986,1
8960,2986,2
8961,2987,0
8962,2987,1
8963,2987,2
8964,2988,0
8965,2988,1
8966,2988,2
8967,2989,0
8968,2989,1
8969,2989,2
8970,2990,0
8971,2990,1
8972,2990,2
8973,2991,0
8974,2991,1
8975,2991,2
8976,2992,0
8977,2992,1
8978,2992,2
8979,2993,0
8980,2993,1
8981,2993,2
8982,2994,0
8983,2994,1
8984,2994,2
8985,2995,0
8986,2995,1
8987,2995,2
8988,2996,0
8989,2996,1
8990,2996,2
8991,2997,0
8992,2997,1
8993,2997,2
8994,2998,0
8995,2998,1
8996,2998,2
8997,2999,0
8998,2999,1
8999,2999,2
9000,3000,0
9001,3000,1
9002,3000,2
9003,3001,0
9004,3001,1
9005,3001,2
9006,3002,0
9007,3002,1
9008,3002,2
9009,3003,0
9010,3003,1
9011,3003,2
9012,3004,0
9013,3004,1
9014,3004,2
9015,3005,0
9016,3005,1
9017,3005,2
9018,3006,0
9019,3006,1
9020,3006,2
9021,3007,0
9022,3007,1
9023,3007,2
9024,3008,0
9025,3008,1
9026,3008,2
9027,3009,0
9028,3009,1
9029,3009,2
9030,3010,0
9031,3010,1
9032,3010,2
9033,3011,0
9034,3011,1
9035,3011,2
9036,3012,0
9037,3012,1
9038,3012,2
9039,3013,0
9040,3013,1
9041,3013,2
9042,3014,0
9043,3014,1
9044,3014,2
9045,3015,0
9046,3015,1
9047,3015,2
9048,3016,0
9049,3016,1
9050,3016,2
9051,3017,0
9052,3017,1
9053,3017,2
9054,3018,0
9055,3018,1
9056,3018,2
9057,3019,0
9058,3019,1
9059,3019,2
9060,3020,0
9061,3020,1
9062,3020,2
9063,3021,0
9064,3021,1
9065,3021,2
9066,3022,0
9067,3022,1
9068,3022,2
9069,3023,0
9070,3023,1
9071,3023,2
9072,3024,0
9073,3024,1
9074,3024,2
9075,3025,0
9076,3025,1
9077,3025,2
9078,3026,0
9079,3026,1
9080,3026,2
9081,3027,0
9082,3027,1
9083,3027,2
9084,3028,0
9085,3028,1
9086,3028,2
9087,3029,0
9088,3029,1
9089,3029,2
9090,3030,0
9091,3030,1
9092,3030,2
9093,3031,0
9094,3031,1
9095,3031,2
9096,3032,0
9097,3032,1
9098,3032,2
9099,3033,0
9100,3033,1
9101,3033,2
9102,3034,0
9103,3034,1
9104,3034,2
9105,3035,0
9106,3035,1
9107,3035,2
9108,3036,0
9109,3036,1
9110,3036,2
9111,3037,0
9112,3037,1
9113,3037,2
9114,3038,0
9115,3038,1
9116,3038,2
9117,3039,0
9118,3039,1
9119,3039,2
9120,3040,0
9121,3040,1
9122,3040,2
9123,3041,0
9124,3041,1
9125,3041,2
9126,3042,0
9127,3042,1
9128,3042,2
9129,3043,0
9130,3043,1
9131,3043,2
9132,3044,0
9133,3044,1
9134,3044,2
9135,3045,0
9136,3045,1
9137,3045,2
9138,3046,0
9139,3046,1
9140,3046,2
9141,3047,0
9142,3047,1
9143,3047,2
9144,3048,0
9145,3048,1
9146,3048,2
9147,3049,0
9148,3049,1
9149,3049,2
9150,3050,0
9151,3050,1
9152,3050,2
9153,3051,0
9154,3051,1
9155,3051,2
9156,3052,0
9157,3052,1
9158,3052,2
9159,3053,0
9160,3053,1
9161,3053,2
9162,3054,0
9163,3054,1
9164,3054,2
9165,3055,0
9166,3055,1
9167,3055,2
9168,3056,0
9169,3056,1
9170,3056,2
9171,3057,0
9172,3057,1
9173,3057,2
9174,3058,0
9175,3058,1
9176,3058,2
9177,3059,0
9178,3059,1
9179,3059,2
9180,3060,0
9181,3060,1
9182,3060,2
9183,3061,0
9184,3061,1
9185,3061,2
9186,3062,0
9187,3062,1
9188,3062,2
9189,3063,0
9190,3063,1
9191,3063,2
9192,3064,0
9193,3064,1
9194,3064,2
9195,3065,0
9196,3065,1
9197,3065,2
9198,3066,0
9199,3066,1
9200,3066,2
9201,3067,0
9202,3067,1
9203,3067,2
9204,3068,0
9205,3068,1
9206,3068,2
9207,3069,0
9208,3069,1
9209,3069,2
9210,3070,0
9211,3070,1
9212,3070,2
9213,3071,0
9214,3071,1
9215,3071,2
9216,3072,0
9217,3072,1
9218,3072,2
9219,3073,0
9220,3073,1
9221,3073,2
9222,3074,0
9223,3074,1
9224,3074,2
9225,3075,0
9226,3075,1
9227,3075,2
9228,3076,0
9229,3076,1
9230,3076,2
9231,3077,0
9232,3077,1
9233,3077,2
9234,3078,0
9235,3078,1
9236,3078,2
9237,3079,0
9238,3079,1
9239,3079,2
9240,3080,0
9241,3080,1
9242,3080,2
9243,3081,0
9244,3081,1
9245,3081,2
9246,3082,0
9247,3082,1
9248,3082,2
9249,3083,0
9250,3083,1
9251,3083,2
9252,3084,0
9253,3084,1
9254,3084,2
9255,3085,0
9256,3085,1
9257,3085,2
9258,3086,0
9259,3086,1
9260,3086,2
9261,3087,0
9262,3087,1
9263,3087,2
9264,3088,0
9265,3088,1
9266,3088,2
9267,3089,0
9268,3089,1
9269,3089,2
9270,3090,0
9271,3090,1
9272,3090,2
9273,3091,0
9274,3091,1
9275,3091,2
9276,3092,0
9277,3092,1
9278,3092,2
9279,3093,0
9280,3093,1
9281,3093,2
9282,3094,0
9283,3094,1
9284,3094,2
9285,3095,0
9286,3095,1
9287,3095,2
9288,3096,0
9289,3096,1
9290,3096,2
9291,3097,0
9292,3097,1
9293,3097,2
9294,3098,0
9295,3098,1
9296,3098,2
9297,3099,0
9298,3099,1
9299,3099,2
9300,3100,0
9301,3100,1
9302,3100,2
9303,3101,0
9304,3101,1
9305,3101,2
9306,3102,0
9307,3102,1
9308,3102,2
9309,3103,0
9310,3103,1
9311,3103,2
9312,3104,0
9313,3104,1
9314,3104,2
9315,3105,0
9316,3105,1
9317,3105,2
9318,3106,0
9319,3106,1
9320,3106,2
9321,3107,0
9322,3107,1
9323,3107,2
9324,3108,0
9325,3108,1
9326,3108,2
9327,3109,0
9328,3109,1
9329,3109,2
9330,3110,0
9331,3110,1
9332,3110,2
9333,3111,0
9334,3111,1
9335,3111,2
9336,3112,0
9337,3112,1
9338,3112,2
9339,3113,0
9340,3113,1
9341,3113,2
9342,3114,0
9343,3114,1
9344,3114,2
9345,3115,0
9346,3115,1
9347,3115,2
9348,3116,0
9349,3116,1
9350,3116,2
9351,3117,0
9352,3117,1
9353,3117,2
9354,3118,0
9355,3118,1
9356,3118,2
9357,3119,0
9358,3119,1
9359,3119,2
9360,3120,0
9361,3120,1
9362,3120,2
9363,3121,0
9364,3121,1
9365,3121,2
9366,3122,0
9367,3122,1
9368,3122,2
9369,3123,0
9370,3123,1
9371,3123,2
9372,3124,0
9373,3124,1
9374,3124,2
9375,3125,0
9376,3125,1
9377,3125,2
9378,3126,0
9379,3126,1
9380,3126,2
9381,3127,0
9382,3127,1
9383,3127,2
9384,3128,0
9385,3128,1
9386,3128,2
9387,3129,0
9388,3129,1
9389,3129,2
9390,3130,0
9391,3130,1
9392,3130,2
9393,3131,0
9394,3131,1
9395,3131,2
9396,3132,0
9397,3132,1
9398,3132,2
9399,3133,0
9400,3133,1
9401,3133,2
9402,3134,0
9403,3134,1
9404,3134,2
9405,3135,0
9406,3135,1
9407,3135,2
9408,3136,0
9409,3136,1
9410,3136,2
9411,3137,0
9412,3137,1
9413,3137,2
9414,3138,0
9415,3138,1
9416,3138,2
9417,3139,0
9418,3139,1
9419,3139,2
9420,3140,0
9421,3140,1
9422,3140,2
9423,3141,0
9424,3141,1
9425,3141,2
9426,3142,0
9427,3142,1
9428,3142,2
9429,3143,0
9430,3143,1
9431,3143,2
9432,3144,0
9433,3144,1
9434,3144,2
9435,3145,0
9436,3145,1
9437,3145,2
9438,3146,0
9439,3146,1
9440,3146,2
9441,3147,0
9442,3147,1
9443,3147,2
9444,3148,0
9445,3148,1
9446,3148,2
9447,3149,0
9448,3149,1
9449,3149,2
9450,3150,0
9451,3150,1
9452,3150,2
9453,3151,0
9454,3151,1
9455,3151,2
9456,3152,0
9457,3152,1
9458,3152,2
9459,3153,0
9460,3153,1
9461,3153,2
9462,3154,0
9463,3154,1
9464,3154,2
9465,3155,0
9466,3155,1
9467,3155,2
9468,3156,0
9469,3156,1
9470,3156,2
9471,3157,0
9472,3157,1
9473,3157,2
9474,3158,0
9475,3158,1
9476,3158,2
9477,3159,0
9478,3159,1
9479,3159,2
9480,3160,0
9481,3160,1
9482,3160,2
9483,3161,0
9484,3161,1
9485,3161,2
9486,3162,0
9487,3162,1
9488,3162,2
9489,3163,0
9490,3163,1
9491,3163,2
9492,3164,0
9493,3164,1
9494,3164,2
9495,3165,0
9496,3165,1
9497,3165,2
9498,3166,0
9499,3166,1
9500,3166,2
9501,3167,0
9502,3167,1
9503,3167,2
9504,3168,0
9505,3168,1
9506,3168,2
9507,3169,0
9508,3169,1
9509,3169,2
9510,3170,0
9511,3170,1
9512,3170,2
9513,3171,0
9514,3171,1
9515,3171,2
9516,3172,0
9517,3172,1
9518,3172,2
9519,3173,0
9520,3173,1
9521,3173,2
9522,3174,0
9523,3174,1
9524,3174,2
9525,3175,0
9526,3175,1
9527,3175,2
9528,3176,0
9529,3176,1
9530,3176,2
9531,3177,0
9532,3177,1
9533,3177,2
9534,3178,0
9535,3178,1
9536,3178,2
9537,3179,0
9538,3179,1
9539,3179,2
9540,3180,0
9541,3180,1
9542,3180,2
9543,3181,0
9544,3181,1
9545,3181,2
9546,3182,0
9547,3182,1
9548,3182,2
9549,3183,0
9550,3183,1
9551,3183,2
9552,3184,0
9553,3184,1
9554,3184,2
9555,3185,0
9556,3185,1
9557,3185,2
9558,3186,0
9559,3186,1
9560,3186,2
9561,3187,0
9562,3187,1
9563,3187,2
9564,3188,0
9565,3188,1
9566,3188,2
9567,3189,0
9568,3189,1
9569,3189,2
9570,3190,0
9571,3190,1
9572,3190,2
9573,3191,0
9574,3191,1
9575,3191,2
9576,3192,0
9577,3192,1
9578,3192,2
9579,3193,0
9580,3193,1
9581,3193,2
9582,3194,0
9583,3194,1
9584,3194,2
9585,3195,0
9586,3195,1
9587,3195,2
9588,3196,0
9589,3196,1
9590,3196,2
9591,3197,0
9592,3197,1
9593,3197,2
9594,3198,0
9595,3198,1
9596,3198,2
9597,3199,0
9598,3199,1
9599,3199,2
9600,3200,0
9601,3200,1
9602,3200,2
9603,3201,0
9604,3201,1
9605,3201,2
9606,3202,0
9607,3202,1
9608,3202,2
9609,3203,0
9610,3203,1
9611,3203,2
9612,3204,0
9613,3204,1
9614,3204,2
9615,3205,0
9616,3205,1
9617,3205,2
9618,3206,0
9619,3206,1
9620,3206,2
9621,3207,0
9622,3207,1
9623,3207,2
9624,3208,0
9625,3208,1
9626,3208,2
9627,3209,0
9628,3209,1
9629,3209,2
9630,3210,0
9631,3210,1
9632,3210,2
9633,3211,0
9634,3211,1
9635,3211,2
9636,3212,0
9637,3212,1
9638,3212,2
9639,3213,0
9640,3213,1
9641,3213,2
9642,3214,0
9643,3214,1
9644,3214,2
9645,3215,0
9646,3215,1
9647,3215,2
9648,3216,0
9649,3216,1
9650,3216,2
9651,3217,0
9652,3217,1
9653,3217,2
9654,3218,0
9655,3218,1
9656,3218,2
9657,3219,0
9658,3219,1
9659,3219,2
9660,3220,0
9661,3220,1
9662,3220,2
9663,3221,0
9664,3221,1
9665,3221,2
9666,3222,0
9667,3222,1
9668,3222,2
9669,3223,0
9670,3223,1
9671,3223,2
9672,3224,0
9673,3224,1
9674,3224,2
9675,3225,0
9676,3225,1
9677,3225,2
9678,3226,0
9679,3226,1
9680,3226,2
9681,3227,0
9682,3227,1
9683,3227,2
9684,3228,0
9685,3228,1
9686,3228,2
9687,3229,0
9688,3229,1
9689,3229,2
9690,3230,0
9691,3230,1
9692,3230,2
9693,3231,0
9694,3231,1
9695,3231,2
9696,3232,0
9697,3232,1
9698,3232,2
9699,3233,0
9700,3233,1
9701,3233,2
9702,3234,0
9703,3234,1
9704,3234,2
9705,3235,0
9706,3235,1
9707,3235,2
9708,3236,0
9709,3236,1
9710,3236,2
9711,3237,0
9712,3237,1
9713,3237,2
9714,3238,0
9715,3238,1
9716,3238,2
9717,3239,0
9718,3239,1
9719,3239,2
9720,3240,0
9721,3240,1
9722,3240,2
9723,3241,0
9724,3241,1
9725,3241,2
9726,3242,0
9727,3242,1
9728,3242,2
9729,3243,0
9730,3243,1
9731,3243,2
9732,3244,0
9733,3244,1
9734,3244,2
9735,3245,0
9736,3245,1
9737,3245,2
9738,3246,0
9739,3246,1
9740,3246,2
9741,3247,0
9742,3247,1
9743,3247,2
9744,3248,0
9745,3248,1
9746,3248,2
9747,3249,0
9748,3249,1
9749,3249,2
9750,3250,0
9751,3250,1
9752,3250,2
9753,3251,0
9754,3251,1
9755,3251,2
9756,3252,0
9757,3252,1
9758,3252,2
9759,3253,0
9760,3253,1
9761,3253,2
9762,3254,0
9763,3254,1
9764,3254,2
9765,3255,0
9766,3255,1
9767,3255,2
9768,3256,0
9769,3256,1
9770,3256,2
9771,3257,0
9772,3257,1
9773,3257,2
9774,3258,0
9775,3258,1
9776,3258,2
9777,3259,0
9778,3259,1
9779,3259,2
9780,3260,0
9781,3260,1
9782,3260,2
9783,3261,0
9784,3261,1
9785,3261,2
9786,3262,0
9787,3262,1
9788,3262,2
9789,3263,0
9790,3263,1
9791,3263,2
9792,3264,0
9793,3264,1
9794,3264,2
9795,3265,0
9796,3265,1
9797,3265,2
9798,3266,0
9799,3266,1
9800,3266,2
9801,3267,0
9802,3267,1
9803,3267,2
9804,3268,0
9805,3268,1
9806,3268,2
9807,3269,0
9808,3269,1
9809,3269,2
9810,3270,0
9811,3270,1
9812,3270,2
9813,3271,0
9814,3271,1
9815,3271,2
9816,3272,0
9817,3272,1
9818,3272,2
9819,3273,0
9820,3273,1
9821,3273,2
9822,3274,0
9823,3274,1
9824,3274,2
9825,3275,0
9826,3275,1
9827,3275,2
9828,3276,0
9829,3276,1
9830,3276,2
9831,3277,0
9832,3277,1
9833,3277,2
9834,3278,0
9835,3278,1
9836,3278,2
9837,3279,0
9838,3279,1
9839,3279,2
9840,3280,0
9841,3280,1
9842,3280,2
9843,3281,0
9844,3281,1
9845,3281,2
9846,3282,0
9847,3282,1
9848,3282,2
9849,3283,0
9850,3283,1
9851,3283,2
9852,3284,0
9853,3284,1
9854,3284,2
9855,3285,0
9856,3285,1
9857,3285,2
9858,3286,0
9859,3286,1
9860,3286,2
9861,3287,0
9862,3287,1
9863,3287,2
9864,3288,0
9865,3288,1
9866,3288,2
9867,3289,0
9868,3289,1
9869,3289,2
9870,3290,0
9871,3290,1
9872,3290,2
9873,3291,0
9874,3291,1
9875,3291,2
9876,3292,0
9877,3292,1
9878,3292,2
9879,3293,0
9880,3293,1
9881,3293,2
9882,3294,0
9883,3294,1
9884,3294,2
9885,3295,0
9886,3295,1
9887,3295,2
9888,3296,0
9889,3296,1
9890,3296,2
9891,3297,0
9892,3297,1
9893,3297,2
9894,3298,0
9895,3298,1
9896,3298,2
9897,3299,0
9898,3299,1
9899,3299,2
9900,3300,0
9901,3300,1
9902,3300,2
9903,3301,0
9904,3301,1
9905,3301,2
9906,3302,0
9907,3302,1
9908,3302,2
9909,3303,0
9910,3303,1
9911,3303,2
9912,3304,0
9913,3304,1
9914,3304,2
9915,3305,0
9916,3305,1
9917,3305,2
9918,3306,0
9919,3306,1
9920,3306,2
9921,3307,0
9922,3307,1
9923,3307,2
9924,3308,0
9925,3308,1
9926,3308,2
9927,3309,0
9928,3309,1
9929,3309,2
9930,3310,0
9931,3310,1
9932,3310,2
9933,3311,0
9934,3311,1
9935,3311,2
9936,3312,0
9937,3312,1
9938,3312,2
9939,3313,0
9940,3313,1
9941,3313,2
9942,3314,0
9943,3314,1
9944,3314,2
9945,3315,0
9946,3315,1
9947,3315,2
9948,3316,0
9949,3316,1
9950,3316,2
9951,3317,0
9952,3317,1
9953,3317,2
9954,3318,0
9955,3318,1
9956,3318,2
9957,3319,0
9958,3319,1
9959,3319,2
9960,3320,0
9961,3320,1
9962,3320,2
9963,3321,0
9964,3321,1
9965,3321,2
9966,3322,0
9967,3322,1
9968,3322,2
9969,3323,0
9970,3323,1
9971,3323,2
9972,3324,0
9973,3324,1
9974,3324,2
9975,3325,0
9976,3325,1
9977,3325,2
9978,3326,0
9979,3326,1
9980,3326,2
9981,3327,0
9982,3327,1
9983,3327,2
9984,3328,0
9985,3328,1
9986,3328,2
9987,3329,0
9988,3329,1
9989,3329,2
9990,3330,0
9991,3330,1
9992,3330,2
9993,3331,0
9994,3331,1
9995,3331,2
9996,3332,0
9997,3332,1
9998,3332,2
9999,3333,0
10000,3333,1
10001,3333,2
10002,3334,0
10003,3334,1
10004,3334,2
10005,3335,0
10006,3335,1
10007,3335,2
10008,3336,0
10009,3336,1
10010,3336,2
10011,3337,0
10012,3337,1
10013,3337,2
10014,3338,0
10015,3338,1
10016,3338,2
10017,3339,0
10018,3339,1
10019,3339,2
10020,3340,0
10021,3340,1
10022,3340,2
10023,3341,0
10024,3341,1
10025,3341,2
10026,3342,0
10027,3342,1
10028,3342,2
10029,3343,0
10030,3343,1
10031,3343,2
10032,3344,0
10033,3344,1
10034,3344,2
10035,3345,0
10036,3345,1
10037,3345,2
10038,3346,0
10039,3346,1
10040,3346,2
10041,3347,0
10042,3347,1
10043,3347,2
10044,3348,0
10045,3348,1
10046,3348,2
10047,3349,0
10048,3349,1
10049,3349,2
10050,3350,0
10051,3350,1
10052,3350,2
10053,3351,0
10054,3351,1
10055,3351,2
10056,3352,0
10057,3352,1
10058,3352,2
10059,3353,0
10060,3353,1
10061,3353,2
10062,3354,0
10063,3354,1
10064,3354,2
10065,3355,0
10066,3355,1
10067,3355,2
10068,3356,0
10069,3356,1
10070,3356,2
10071,3357,0
10072,3357,1
10073,3357,2
10074,3358,0
10075,3358,1
10076,3358,2
10077,3359,0
10078,3359,1
10079,3359,2
10080,3360,0
10081,3360,1
10082,3360,2
10083,3361,0
10084,3361,1
10085,3361,2
10086,3362,0
10087,3362,1
10088,3362,2
10089,3363,0
10090,3363,1
10091,3363,2
10092,3364,0
10093,3364,1
10094,3364,2
10095,3365,0
10096,3365,1
10097,3365,2
10098,3366,0
10099,3366,1
10100,3366,2
10101,3367,0
10102,3367,1
10103,3367,2
10104,3368,0
10105,3368,1
10106,3368,2
10107,3369,0
10108,3369,1
10109,3369,2
10110,3370,0
10111,3370,1
10112,3370,2
10113,3371,0
10114,3371,1
10115,3371,2
10116,3372,0
10117,3372,1
10118,3372,2
10119,3373,0
10120,3373,1
10121,3373,2
10122,3374,0
10123,3374,1
10124,3374,2
10125,3375,0
10126,3375,1
10127,3375,2
10128,3376,0
10129,3376,1
10130,3376,2
10131,3377,0
10132,3377,1
10133,3377,2
10134,3378,0
10135,3378,1
10136,3378,2
10137,3379,0
10138,3379,1
10139,3379,2
10140,3380,0
10141,3380,1
10142,3380,2
10143,3381,0
10144,3381,1
10145,3381,2
10146,3382,0
10147,3382,1
10148,3382,2
10149,3383,0
10150,3383,1
10151,3383,2
10152,3384,0
10153,3384,1
10154,3384,2
10155,3385,0
10156,3385,1
10157,3385,2
10158,3386,0
10159,3386,1
10160,3386,2
10161,3387,0
10162,3387,1
10163,3387,2
10164,3388,0
10165,3388,1
10166,3388,2
10167,3389,0
10168,3389,1
10169,3389,2
10170,3390,0
10171,3390,1
10172,3390,2
10173,3391,0
10174,3391,1
10175,3391,2
10176,3392,0
10177,3392,1
10178,3392,2
10179,3393,0
10180,3393,1
10181,3393,2
10182,3394,0
10183,3394,1
10184,3394,2
10185,3395,0
10186,3395,1
10187,3395,2
10188,3396,0
10189,3396,1
10190,3396,2
10191,3397,0
10192,3397,1
10193,3397,2
10194,3398,0
10195,3398,1
10196,3398,2
10197,3399,0
10198,3399,1
10199,3399,2
10200,3400,0
10201,3400,1
10202,3400,2
10203,3401,0
10204,3401,1
10205,3401,2
10206,3402,0
10207,3402,1
10208,3402,2
10209,3403,0
10210,3403,1
10211,3403,2
10212,3404,0
10213,3404,1
10214,3404,2
10215,3405,0
10216,3405,1
10217,3405,2
10218,3406,0
10219,3406,1
10220,3406,2
10221,3407,0
10222,3407,1
10223,3407,2
10224,3408,0
10225,3408,1
10226,3408,2
10227,3409,0
10228,3409,1
10229,3409,2
10230,3410,0
10231,3410,1
10232,3410,2
10233,3411,0
10234,3411,1
10235,3411,2
10236,3412,0
10237,3412,1
10238,3412,2
10239,3413,0
10240,3413,1
10241,3413,2
10242,3414,0
10243,3414,1
10244,3414,2
10245,3415,0
10246,3415,1
10247,3415,2
10248,3416,0
10249,3416,1
10250,3416,2
10251,3417,0
10252,3417,1
10253,3417,2
10254,3418,0
10255,3418,1
10256,3418,2
10257,3419,0
10258,3419,1
10259,3419,2
10260,3420,0
10261,3420,1
10262,3420,2
10263,3421,0
10264,3421,1
10265,3421,2
10266,3422,0
10267,3422,1
10268,3422,2
10269,3423,0
10270,3423,1
10271,3423,2
10272,3424,0
10273,3424,1
10274,3424,2
10275,3425,0
10276,3425,1
10277,3425,2
10278,3426,0
10279,3426,1
10280,3426,2
10281,3427,0
10282,3427,1
10283,3427,2
10284,3428,0
10285,3428,1
10286,3428,2
10287,3429,0
10288,3429,1
10289,3429,2
10290,3430,0
10291,3430,1
10292,3430,2
10293,3431,0
10294,3431,1
10295,3431,2
10296,3432,0
10297,3432,1
10298,3432,2
10299,3433,0
10300,3433,1
10301,3433,2
10302,3434,0
10303,3434,1
10304,3434,2
10305,3435,0
10306,3435,1
10307,3435,2
10308,3436,0
10309,3436,1
10310,3436,2
10311,3437,0
10312,3437,1
10313,3437,2
10314,3438,0
10315,3438,1
10316,3438,2
10317,3439,0
10318,3439,1
10319,3439,2
10320,3440,0
10321,3440,1
10322,3440,2
10323,3441,0
10324,3441,1
10325,3441,2
10326,3442,0
10327,3442,1
10328,3442,2
10329,3443,0
10330,3443,1
10331,3443,2
10332,3444,0
10333,3444,1
10334,3444,2
10335,3445,0
10336,3445,1
10337,3445,2
10338,3446,0
10339,3446,1
10340,3446,2
10341,3447,0
10342,3447,1
10343,3447,2
10344,3448,0
10345,3448,1
10346,3448,2
10347,3449,0
10348,3449,1
10349,3449,2
10350,3450,0
10351,3450,1
10352,3450,2
10353,3451,0
10354,3451,1
10355,3451,2
10356,3452,0
10357,3452,1
10358,3452,2
10359,3453,0
10360,3453,1
10361,3453,2
10362,3454,0
10363,3454,1
10364,3454,2
10365,3455,0
10366,3455,1
10367,3455,2
10368,3456,0
10369,3456,1
10370,3456,2
10371,3457,0
10372,3457,1
10373,3457,2
10374,3458,0
10375,3458,1
10376,3458,2
10377,3459,0
10378,3459,1
10379,3459,2
10380,3460,0
10381,3460,1
10382,3460,2
10383,3461,0
10384,3461,1
10385,3461,2
10386,3462,0
10387,3462,1
10388,3462,2
10389,3463,0
10390,3463,1
10391,3463,2
10392,3464,0
10393,3464,1
10394,3464,2
10395,3465,0
10396,3465,1
10397,3465,2
10398,3466,0
10399,3466,1
10400,3466,2
10401,3467,0
10402,3467,1
10403,3467,2
10404,3468,0
10405,3468,1
10406,3468,2
10407,3469,0
10408,3469,1
10409,3469,2
10410,3470,0
10411,3470,1
10412,3470,2
10413,3471,0
10414,3471,1
10415,3471,2
10416,3472,0
10417,3472,1
10418,3472,2
10419,3473,0
10420,3473,1
10421,3473,2
10422,3474,0
10423,3474,1
10424,3474,2
10425,3475,0
10426,3475,1
10427,3475,2
10428,3476,0
10429,3476,1
10430,3476,2
10431,3477,0
10432,3477,1
10433,3477,2
10434,3478,0
10435,3478,1
10436,3478,2
10437,3479,0
10438,3479,1
10439,3479,2
10440,3480,0
10441,3480,1
10442,3480,2
10443,3481,0
10444,3481,1
10445,3481,2
10446,3482,0
10447,3482,1
10448,3482,2
10449,3483,0
10450,3483,1
10451,3483,2
10452,3484,0
10453,3484,1
10454,3484,2
10455,3485,0
10456,3485,1
10457,3485,2
10458,3486,0
10459,3486,1
10460,3486,2
10461,3487,0
10462,3487,1
10463,3487,2
10464,3488,0
10465,3488,1
10466,3488,2
10467,3489,0
10468,3489,1
10469,3489,2
10470,3490,0
10471,3490,1
10472,3490,2
10473,3491,0
10474,3491,1
10475,3491,2
10476,3492,0
10477,3492,1
10478,3492,2
10479,3493,0
10480,3493,1
10481,3493,2
10482,3494,0
10483,3494,1
10484,3494,2
10485,3495,0
10486,3495,1
10487,3495,2
10488,3496,0
10489,3496,1
10490,3496,2
10491,3497,0
10492,3497,1
10493,3497,2
10494,3498,0
10495,3498,1
10496,3498,2
10497,3499,0
10498,3499,1
10499,3499,2
10500,3500,0
10501,3500,1
10502,3500,2
10503,3501,0
10504,3501,1
10505,3501,2
10506,3502,0
10507,3502,1
10508,3502,2
10509,3503,0
10510,3503,1
10511,3503,2
10512,3504,0
10513,3504,1
10514,3504,2
10515,3505,0
10516,3505,1
10517,3505,2
10518,3506,0
10519,3506,1
10520,3506,2
10521,3507,0
10522,3507,1
10523,3507,2
10524,3508,0
10525,3508,1
10526,3508,2
10527,3509,0
10528,3509,1
10529,3509,2
10530,3510,0
10531,3510,1
10532,3510,2
10533,3511,0
10534,3511,1
10535,3511,2
10536,3512,0
10537,3512,1
10538,3512,2
10539,3513,0
10540,3513,1
10541,3513,2
10542,3514,0
10543,3514,1
10544,3514,2
10545,3515,0
10546,3515,1
10547,3515,2
10548,3516,0
10549,3516,1
10550,3516,2
10551,3517,0
10552,3517,1
10553,3517,2
10554,3518,0
10555,3518,1
10556,3518,2
10557,3519,0
10558,3519,1
10559,3519,2
10560,3520,0
10561,3520,1
10562,3520,2
10563,3521,0
10564,3521,1
10565,3521,2
10566,3522,0
10567,3522,1
10568,3522,2
10569,3523,0
10570,3523,1
10571,3523,2
10572,3524,0
10573,3524,1
10574,3524,2
10575,3525,0
10576,3525,1
10577,3525,2
10578,3526,0
10579,3526,1
10580,3526,2
10581,3527,0
10582,3527,1
10583,3527,2
10584,3528,0
10585,3528,1
10586,3528,2
10587,3529,0
10588,3529,1
10589,3529,2
10590,3530,0
10591,3530,1
10592,3530,2
10593,3531,0
10594,3531,1
10595,3531,2
10596,3532,0
10597,3532,1
10598,3532,2
10599,3533,0
10600,3533,1
10601,3533,2
10602,3534,0
10603,3534,1
10604,3534,2
10605,3535,0
10606,3535,1
10607,3535,2
10608,3536,0
10609,3536,1
10610,3536,2
10611,3537,0
10612,3537,1
10613,3537,2
10614,3538,0
10615,3538,1
10616,3538,2
10617,3539,0
10618,3539,1
10619,3539,2
10620,3540,0
10621,3540,1
10622,3540,2
10623,3541,0
10624,3541,1
10625,3541,2
10626,3542,0
10627,3542,1
10628,3542,2
10629,3543,0
10630,3543,1
10631,3543,2
10632,3544,0
10633,3544,1
10634,3544,2
10635,3545,0
10636,3545,1
10637,3545,2
10638,3546,0
10639,3546,1
10640,3546,2
10641,3547,0
10642,3547,1
10643,3547,2
10644,3548,0
10645,3548,1
10646,3548,2
10647,3549,0
10648,3549,1
10649,3549,2
10650,3550,0
10651,3550,1
10652,3550,2
10653,3551,0
10654,3551,1
10655,3551,2
10656,3552,0
10657,3552,1
10658,3552,2
10659,3553,0
10660,3553,1
10661,3553,2
10662,3554,0
10663,3554,1
10664,3554,2
10665,3555,0
10666,3555,1
10667,3555,2
10668,3556,0
10669,3556,1
10670,3556,2
10671,3557,0
10672,3557,1
10673,3557,2
10674,3558,0
10675,3558,1
10676,3558,2
10677,3559,0
10678,3559,1
10679,3559,2
10680,3560,0
10681,3560,1
10682,3560,2
10683,3561,0
10684,3561,1
10685,3561,2
10686,3562,0
10687,3562,1
10688,3562,2
10689,3563,0
10690,3563,1
10691,3563,2
10692,3564,0
10693,3564,1
10694,3564,2
10695,3565,0
10696,3565,1
10697,3565,2
10698,3566,0
10699,3566,1
10700,3566,2
10701,3567,0
10702,3567,1
10703,3567,2
10704,3568,0
10705,3568,1
10706,3568,2
10707,3569,0
10708,3569,1
10709,3569,2
10710,3570,0
10711,3570,1
10712,3570,2
10713,3571,0
10714,3571,1
10715,3571,2
10716,3572,0
10717,3572,1
10718,3572,2
10719,3573,0
10720,3573,1
10721,3573,2
10722,3574,0
10723,3574,1
10724,3574,2
10725,3575,0
10726,3575,1
10727,3575,2
10728,3576,0
10729,3576,1
10730,3576,2
10731,3577,0
10732,3577,1
10733,3577,2
10734,3578,0
10735,3578,1
10736,3578,2
10737,3579,0
10738,3579,1
10739,3579,2
10740,3580,0
10741,3580,1
10742,3580,2
10743,3581,0
10744,3581,1
10745,3581,2
10746,3582,0
10747,3582,1
10748,3582,2
10749,3583,0
10750,3583,1
10751,3583,2
10752,3584,0
10753,3584,1
10754,3584,2
10755,3585,0
10756,3585,1
10757,3585,2
10758,3586,0
10759,3586,1
10760,3586,2
10761,3587,0
10762,3587,1
10763,3587,2
10764,3588,0
10765,3588,1
10766,3588,2
10767,3589,0
10768,3589,1
10769,3589,2
10770,3590,0
10771,3590,1
10772,3590,2
10773,3591,0
10774,3591,1
10775,3591,2
10776,3592,0
10777,3592,1
10778,3592,2
10779,3593,0
10780,3593,1
10781,3593,2
10782,3594,0
10783,3594,1
10784,3594,2
10785,3595,0
10786,3595,1
10787,3595,2
10788,3596,0
10789,3596,1
10790,3596,2
10791,3597,0
10792,3597,1
10793,3597,2
10794,3598,0
10795,3598,1
10796,3598,2
10797,3599,0
10798,3599,1
10799,3599,2
10800,3600,0
10801,3600,1
10802,3600,2
10803,3601,0
10804,3601,1
10805,3601,2
10806,3602,0
10807,3602,1
10808,3602,2
10809,3603,0
10810,3603,1
10811,3603,2
10812,3604,0
10813,3604,1
10814,3604,2
10815,3605,0
10816,3605,1
10817,3605,2
10818,3606,0
10819,3606,1
10820,3606,2
10821,3607,0
10822,3607,1
10823,3607,2
10824,3608,0
10825,3608,1
10826,3608,2
10827,3609,0
10828,3609,1
10829,3609,2
10830,3610,0
10831,3610,1
10832,3610,2
10833,3611,0
10834,3611,1
10835,3611,2
10836,3612,0
10837,3612,1
10838,3612,2
10839,3613,0
10840,3613,1
10841,3613,2
10842,3614,0
10843,3614,1
10844,3614,2
10845,3615,0
10846,3615,1
10847,3615,2
10848,3616,0
10849,3616,1
10850,3616,2
10851,3617,0
10852,3617,1
10853,3617,2
10854,3618,0
10855,3618,1
10856,3618,2
10857,3619,0
10858,3619,1
10859,3619,2
10860,3620,0
10861,3620,1
10862,3620,2
10863,3621,0
10864,3621,1
10865,3621,2
10866,3622,0
10867,3622,1
10868,3622,2
10869,3623,0
10870,3623,1
10871,3623,2
10872,3624,0
10873,3624,1
10874,3624,2
10875,3625,0
10876,3625,1
10877,3625,2
10878,3626,0
10879,3626,1
10880,3626,2
10881,3627,0
10882,3627,1
10883,3627,2
10884,3628,0
10885,3628,1
10886,3628,2
10887,3629,0
10888,3629,1
10889,3629,2
10890,3630,0
10891,3630,1
10892,3630,2
10893,3631,0
10894,3631,1
10895,3631,2
10896,3632,0
10897,3632,1
10898,3632,2
10899,3633,0
10900,3633,1
10901,3633,2
10902,3634,0
10903,3634,1
10904,3634,2
10905,3635,0
10906,3635,1
10907,3635,2
10908,3636,0
10909,3636,1
10910,3636,2
10911,3637,0
10912,3637,1
10913,3637,2
10914,3638,0
10915,3638,1
10916,3638,2
10917,3639,0
10918,3639,1
10919,3639,2
10920,3640,0
10921,3640,1
10922,3640,2
10923,3641,0
10924,3641,1
10925,3641,2
10926,3642,0
10927,3642,1
10928,3642,2
10929,3643,0
10930,3643,1
10931,3643,2
10932,3644,0
10933,3644,1
10934,3644,2
10935,3645,0
10936,3645,1
10937,3645,2
10938,3646,0
10939,3646,1
10940,3646,2
10941,3647,0
10942,3647,1
10943,3647,2
10944,3648,0
10945,3648,1
10946,3648,2
10947,3649,0
10948,3649,1
10949,3649,2
10950,3650,0
10951,3650,1
10952,3650,2
10953,3651,0
10954,3651,1
10955,3651,2
10956,3652,0
10957,3652,1
10958,3652,2
10959,3653,0
10960,3653,1
10961,3653,2
10962,3654,0
10963,3654,1
10964,3654,2
10965,3655,0
10966,3655,1
10967,3655,2
10968,3656,0
10969,3656,1
10970,3656,2
10971,3657,0
10972,3657,1
10973,3657,2
10974,3658,0
10975,3658,1
10976,3658,2
10977,3659,0
10978,3659,1
10979,3659,2
10980,3660,0
10981,3660,1
10982,3660,2
10983,3661,0
10984,3661,1
10985,3661,2
10986,3662,0
10987,3662,1
10988,3662,2
10989,3663,0
10990,3663,1
10991,3663,2
10992,3664,0
10993,3664,1
10994,3664,2
10995,3665,0
10996,3665,1
10997,3665,2
10998,3666,0
10999,3666,1
11000,3666,2
11001,3667,0
11002,3667,1
11003,3667,2
11004,3668,0
11005,3668,1
11006,3668,2
11007,3669,0
11008,3669,1
11009,3669,2
11010,3670,0
11011,3670,1
11012,3670,2
11013,3671,0
11014,3671,1
11015,3671,2
11016,3672,0
11017,3672,1
11018,3672,2
11019,3673,0
11020,3673,1
11021,3673,2
11022,3674,0
11023,3674,1
11024,3674,2
11025,3675,0
11026,3675,1
11027,3675,2
11028,3676,0
11029,3676,1
11030,3676,2
11031,3677,0
11032,3677,1
11033,3677,2
11034,3678,0
11035,3678,1
11036,3678,2
11037,3679,0
11038,3679,1
11039,3679,2
11040,3680,0
11041,3680,1
11042,3680,2
11043,3681,0
11044,3681,1
11045,3681,2
11046,3682,0
11047,3682,1
11048,3682,2
11049,3683,0
11050,3683,1
11051,3683,2
11052,3684,0
11053,3684,1
11054,3684,2
11055,3685,0
11056,3685,1
11057,3685,2
11058,3686,0
11059,3686,1
11060,3686,2
11061,3687,0
11062,3687,1
11063,3687,2
11064,3688,0
11065,3688,1
11066,3688,2
11067,3689,0
11068,3689,1
11069,3689,2
11070,3690,0
11071,3690,1
11072,3690,2
11073,3691,0
11074,3691,1
11075,3691,2
11076,3692,0
11077,3692,1
11078,3692,2
11079,3693,0
11080,3693,1
11081,3693,2
11082,3694,0
11083,3694,1
11084,3694,2
11085,3695,0
11086,3695,1
11087,3695,2
11088,3696,0
11089,3696,1
11090,3696,2
11091,3697,0
11092,3697,1
11093,3697,2
11094,3698,0
11095,3698,1
11096,3698,2
11097,3699,0
11098,3699,1
11099,3699,2
11100,3700,0
11101,3700,1
11102,3700,2
11103,3701,0
11104,3701,1
11105,3701,2
11106,3702,0
11107,3702,1
11108,3702,2
11109,3703,0
11110,3703,1
11111,3703,2
11112,3704,0
11113,3704,1
11114,3704,2
11115,3705,0
11116,3705,1
11117,3705,2
11118,3706,0
11119,3706,1
11120,3706,2
11121,3707,0
11122,3707,1
11123,3707,2
11124,3708,0
11125,3708,1
11126,3708,2
11127,3709,0
11128,3709,1
11129,3709,2
11130,3710,0
11131,3710,1
11132,3710,2
11133,3711,0
11134,3711,1
11135,3711,2
11136,3712,0
11137,3712,1
11138,3712,2
11139,3713,0
11140,3713,1
11141,3713,2
11142,3714,0
11143,3714,1
11144,3714,2
11145,3715,0
11146,3715,1
11147,3715,2
11148,3716,0
11149,3716,1
11150,3716,2
11151,3717,0
11152,3717,1
11153,3717,2
11154,3718,0
11155,3718,1
11156,3718,2
11157,3719,0
11158,3719,1
11159,3719,2
11160,3720,0
11161,3720,1
11162,3720,2
11163,3721,0
11164,3721,1
11165,3721,2
11166,3722,0
11167,3722,1
11168,3722,2
11169,3723,0
11170,3723,1
11171,3723,2
11172,3724,0
11173,3724,1
11174,3724,2
11175,3725,0
11176,3725,1
11177,3725,2
11178,3726,0
11179,3726,1
11180,3726,2
11181,3727,0
11182,3727,1
11183,3727,2
11184,3728,0
11185,3728,1
11186,3728,2
11187,3729,0
11188,3729,1
11189,3729,2
11190,3730,0
11191,3730,1
11192,3730,2
11193,3731,0
11194,3731,1
11195,3731,2
11196,3732,0
11197,3732,1
11198,3732,2
11199,3733,0
11200,3733,1
11201,3733,2
11202,3734,0
11203,3734,1
11204,3734,2
11205,3735,0
11206,3735,1
11207,3735,2
11208,3736,0
11209,3736,1
11210,3736,2
11211,3737,0
11212,3737,1
11213,3737,2
11214,3738,0
11215,3738,1
11216,3738,2
11217,3739,0
11218,3739,1
11219,3739,2
11220,3740,0
11221,3740,1
11222,3740,2
11223,3741,0
11224,3741,1
11225,3741,2
11226,3742,0
11227,3742,1
11228,3742,2
11229,3743,0
11230,3743,1
11231,3743,2
11232,3744,0
11233,3744,1
11234,3744,2
11235,3745,0
11236,3745,1
11237,3745,2
11238,3746,0
11239,3746,1
11240,3746,2
11241,3747,0
11242,3747,1
11243,3747,2
11244,3748,0
11245,3748,1
11246,3748,2
11247,3749,0
11248,3749,1
11249,3749,2
11250,3750,0
11251,3750,1
11252,3750,2
11253,3751,0
11254,3751,1
11255,3751,2
11256,3752,0
11257,3752,1
11258,3752,2
11259,3753,0
11260,3753,1
11261,3753,2
11262,3754,0
11263,3754,1
11264,3754,2
11265,3755,0
11266,3755,1
11267,3755,2
11268,3756,0
11269,3756,1
11270,3756,2
11271,3757,0
11272,3757,1
11273,3757,2
11274,3758,0
11275,3758,1
11276,3758,2
11277,3759,0
11278,3759,1
11279,3759,2
11280,3760,0
11281,3760,1
11282,3760,2
11283,3761,0
11284,3761,1
11285,3761,2
11286,3762,0
11287,3762,1
11288,3762,2
11289,3763,0
11290,3763,1
11291,3763,2
11292,3764,0
11293,3764,1
11294,3764,2
11295,3765,0
11296,3765,1
11297,3765,2
11298,3766,0
11299,3766,1
11300,3766,2
11301,3767,0
11302,3767,1
11303,3767,2
11304,3768,0
11305,3768,1
11306,3768,2
11307,3769,0
11308,3769,1
11309,3769,2
11310,3770,0
11311,3770,1
11312,3770,2
11313,3771,0
11314,3771,1
11315,3771,2
11316,3772,0
11317,3772,1
11318,3772,2
11319,3773,0
11320,3773,1
11321,3773,2
11322,3774,0
11323,3774,1
11324,3774,2
11325,3775,0
11326,3775,1
11327,3775,2
11328,3776,0
11329,3776,1
11330,3776,2
11331,3777,0
11332,3777,1
11333,3777,2
11334,3778,0
11335,3778,1
11336,3778,2
11337,3779,0
11338,3779,1
11339,3779,2
11340,3780,0
11341,3780,1
11342,3780,2
11343,3781,0
11344,3781,1
11345,3781,2
11346,3782,0
11347,3782,1
11348,3782,2
11349,3783,0
11350,3783,1
11351,3783,2
11352,3784,0
11353,3784,1
11354,3784,2
11355,3785,0
11356,3785,1
11357,3785,2
11358,3786,0
11359,3786,1
11360,3786,2
11361,3787,0
11362,3787,1
11363,3787,2
11364,3788,0
11365,3788,1
11366,3788,2
11367,3789,0
11368,3789,1
11369,3789,2
11370,3790,0
11371,3790,1
11372,3790,2
11373,3791,0
11374,3791,1
11375,3791,2
11376,3792,0
11377,3792,1
11378,3792,2
11379,3793,0
11380,3793,1
11381,3793,2
11382,3794,0
11383,3794,1
11384,3794,2
11385,3795,0
11386,3795,1
11387,3795,2
11388,3796,0
11389,3796,1
11390,3796,2
11391,3797,0
11392,3797,1
11393,3797,2
11394,3798,0
11395,3798,1
11396,3798,2
11397,3799,0
11398,3799,1
11399,3799,2
11400,3800,0
11401,3800,1
11402,3800,2
11403,3801,0
11404,3801,1
11405,3801,2
11406,3802,0
11407,3802,1
11408,3802,2
11409,3803,0
11410,3803,1
11411,3803,2
11412,3804,0
11413,3804,1
11414,3804,2
11415,3805,0
11416,3805,1
11417,3805,2
11418,3806,0
11419,3806,1
11420,3806,2
11421,3807,0
11422,3807,1
11423,3807,2
11424,3808,0
11425,3808,1
11426,3808,2
11427,3809,0
11428,3809,1
11429,3809,2
11430,3810,0
11431,3810,1
11432,3810,2
11433,3811,0
11434,3811,1
11435,3811,2
11436,3812,0
11437,3812,1
11438,3812,2
11439,3813,0
11440,3813,1
11441,3813,2
11442,3814,0
11443,3814,1
11444,3814,2
11445,3815,0
11446,3815,1
11447,3815,2
11448,3816,0
11449,3816,1
11450,3816,2
11451,3817,0
11452,3817,1
11453,3817,2
11454,3818,0
11455,3818,1
11456,3818,2
11457,3819,0
11458,3819,1
11459,3819,2
11460,3820,0
11461,3820,1
11462,3820,2
11463,3821,0
11464,3821,1
11465,3821,2
11466,3822,0
11467,3822,1
11468,3822,2
11469,3823,0
11470,3823,1
11471,3823,2
11472,3824,0
11473,3824,1
11474,3824,2
11475,3825,0
11476,3825,1
11477,3825,2
11478,3826,0
11479,3826,1
11480,3826,2
11481,3827,0
11482,3827,1
11483,3827,2
11484,3828,0
11485,3828,1
11486,3828,2
11487,3829,0
11488,3829,1
11489,3829,2
11490,3830,0
11491,3830,1
11492,3830,2
11493,3831,0
11494,3831,1
11495,3831,2
11496,3832,0
11497,3832,1
11498,3832,2
11499,3833,0
11500,3833,1
11501,3833,2
11502,3834,0
11503,3834,1
11504,3834,2
11505,3835,0
11506,3835,1
11507,3835,2
11508,3836,0
11509,3836,1
11510,3836,2
11511,3837,0
11512,3837,1
11513,3837,2
11514,3838,0
11515,3838,1
11516,3838,2
11517,3839,0
11518,3839,1
11519,3839,2
11520,3840,0
11521,3840,1
11522,3840,2
11523,3841,0
11524,3841,1
11525,3841,2
11526,3842,0
11527,3842,1
11528,3842,2
11529,3843,0
11530,3843,1
11531,3843,2
11532,3844,0
11533,3844,1
11534,3844,2
11535,3845,0
11536,3845,1
11537,3845,2
11538,3846,0
11539,3846,1
11540,3846,2
11541,3847,0
11542,3847,1
11543,3847,2
11544,3848,0
11545,3848,1
11546,3848,2
11547,3849,0
11548,3849,1
11549,3849,2
11550,3850,0
11551,3850,1
11552,3850,2
11553,3851,0
11554,3851,1
11555,3851,2
11556,3852,0
11557,3852,1
11558,3852,2
11559,3853,0
11560,3853,1
11561,3853,2
11562,3854,0
11563,3854,1
11564,3854,2
11565,3855,0
11566,3855,1
11567,3855,2
11568,3856,0
11569,3856,1
11570,3856,2
11571,3857,0
11572,3857,1
11573,3857,2
11574,3858,0
11575,3858,1
11576,3858,2
11577,3859,0
11578,3859,1
11579,3859,2
11580,3860,0
11581,3860,1
11582,3860,2
11583,3861,0
11584,3861,1
11585,3861,2
11586,3862,0
11587,3862,1
11588,3862,2
11589,3863,0
11590,3863,1
11591,3863,2
11592,3864,0
11593,3864,1
11594,3864,2
11595,3865,0
11596,3865,1
11597,3865,2
11598,3866,0
11599,3866,1
11600,3866,2
11601,3867,0
11602,3867,1
11603,3867,2
11604,3868,0
11605,3868,1
11606,3868,2
11607,3869,0
11608,3869,1
11609,3869,2
11610,3870,0
11611,3870,1
11612,3870,2
11613,3871,0
11614,3871,1
11615,3871,2
11616,3872,0
11617,3872,1
11618,3872,2
11619,3873,0
11620,3873,1
11621,3873,2
11622,3874,0
11623,3874,1
11624,3874,2
11625,3875,0
11626,3875,1
11627,3875,2
11628,3876,0
11629,3876,1
11630,3876,2
11631,3877,0
11632,3877,1
11633,3877,2
11634,3878,0
11635,3878,1
11636,3878,2
11637,3879,0
11638,3879,1
11639,3879,2
11640,3880,0
11641,3880,1
11642,3880,2
11643,3881,0
11644,3881,1
11645,3881,2
11646,3882,0
11647,3882,1
11648,3882,2
11649,3883,0
11650,3883,1
11651,3883,2
11652,3884,0
11653,3884,1
11654,3884,2
11655,3885,0
11656,3885,1
11657,3885,2
11658,3886,0
11659,3886,1
11660,3886,2
11661,3887,0
11662,3887,1
11663,3887,2
11664,3888,0
11665,3888,1
11666,3888,2
11667,3889,0
11668,3889,1
11669,3889,2
11670,3890,0
11671,3890,1
11672,3890,2
11673,3891,0
11674,3891,1
11675,3891,2
11676,3892,0
11677,3892,1
11678,3892,2
11679,3893,0
11680,3893,1
11681,3893,2
11682,3894,0
11683,3894,1
11684,3894,2
11685,3895,0
11686,3895,1
11687,3895,2
11688,3896,0
11689,3896,1
11690,3896,2
11691,3897,0
11692,3897,1
11693,3897,2
11694,3898,0
11695,3898,1
11696,3898,2
11697,3899,0
11698,3899,1
11699,3899,2
11700,3900,0
11701,3900,1
11702,3900,2
11703,3901,0
11704,3901,1
11705,3901,2
11706,3902,0
11707,3902,1
11708,3902,2
11709,3903,0
11710,3903,1
11711,3903,2
11712,3904,0
11713,3904,1
11714,3904,2
11715,3905,0
11716,3905,1
11717,3905,2
11718,3906,0
11719,3906,1
11720,3906,2
11721,3907,0
11722,3907,1
11723,3907,2
11724,3908,0
11725,3908,1
11726,3908,2
11727,3909,0
11728,3909,1
11729,3909,2
11730,3910,0
11731,3910,1
11732,3910,2
11733,3911,0
11734,3911,1
11735,3911,2
11736,3912,0
11737,3912,1
11738,3912,2
11739,3913,0
11740,3913,1
11741,3913,2
11742,3914,0
11743,3914,1
11744,3914,2
11745,3915,0
11746,3915,1
11747,3915,2
11748,3916,0
11749,3916,1
11750,3916,2
11751,3917,0
11752,3917,1
11753,3917,2
11754,3918,0
11755,3918,1
11756,3918,2
11757,3919,0
11758,3919,1
11759,3919,2
11760,3920,0
11761,3920,1
11762,3920,2
11763,3921,0
11764,3921,1
11765,3921,2
11766,3922,0
11767,3922,1
11768,3922,2
11769,3923,0
11770,3923,1
11771,3923,2
11772,3924,0
11773,3924,1
11774,3924,2
11775,3925,0
11776,3925,1
11777,3925,2
11778,3926,0
11779,3926,1
11780,3926,2
11781,3927,0
11782,3927,1
11783,3927,2
11784,3928,0
11785,3928,1
11786,3928,2
11787,3929,0
11788,3929,1
11789,3929,2
11790,3930,0
11791,3930,1
11792,3930,2
11793,3931,0
11794,3931,1
11795,3931,2
11796,3932,0
11797,3932,1
11798,3932,2
11799,3933,0
11800,3933,1
11801,3933,2
11802,3934,0
11803,3934,1
11804,3934,2
11805,3935,0
11806,3935,1
11807,3935,2
11808,3936,0
11809,3936,1
11810,3936,2
11811,3937,0
11812,3937,1
11813,3937,2
11814,3938,0
11815,3938,1
11816,3938,2
11817,3939,0
11818,3939,1
11819,3939,2
11820,3940,0
11821,3940,1
11822,3940,2
11823,3941,0
11824,3941,1
11825,3941,2
11826,3942,0
11827,3942,1
11828,3942,2
11829,3943,0
11830,3943,1
11831,3943,2
11832,3944,0
11833,3944,1
11834,3944,2
11835,3945,0
11836,3945,1
11837,3945,2
11838,3946,0
11839,3946,1
11840,3946,2
11841,3947,0
11842,3947,1
11843,3947,2
11844,3948,0
11845,3948,1
11846,3948,2
11847,3949,0
11848,3949,1
11849,3949,2
11850,3950,0
11851,3950,1
11852,3950,2
11853,3951,0
11854,3951,1
11855,3951,2
11856,3952,0
11857,3952,1
11858,3952,2
11859,3953,0
11860,3953,1
11861,3953,2
11862,3954,0
11863,3954,1
11864,3954,2
11865,3955,0
11866,3955,1
11867,3955,2
11868,3956,0
11869,3956,1
11870,3956,2
11871,3957,0
11872,3957,1
11873,3957,2
11874,3958,0
11875,3958,1
11876,3958,2
11877,3959,0
11878,3959,1
11879,3959,2
11880,3960,0
11881,3960,1
11882,3960,2
11883,3961,0
11884,3961,1
11885,3961,2
11886,3962,0
11887,3962,1
11888,3962,2
11889,3963,0
11890,3963,1
11891,3963,2
11892,3964,0
11893,3964,1
11894,3964,2
11895,3965,0
11896,3965,1
11897,3965,2
11898,3966,0
11899,3966,1
11900,3966,2
11901,3967,0
11902,3967,1
11903,3967,2
11904,3968,0
11905,3968,1
11906,3968,2
11907,3969,0
11908,3969,1
11909,3969,2
11910,3970,0
11911,3970,1
11912,3970,2
11913,3971,0
11914,3971,1
11915,3971,2
11916,3972,0
11917,3972,1
11918,3972,2
11919,3973,0
11920,3973,1
11921,3973,2
11922,3974,0
11923,3974,1
11924,3974,2
11925,3975,0
11926,3975,1
11927,3975,2
11928,3976,0
11929,3976,1
11930,3976,2
11931,3977,0
11932,3977,1
11933,3977,2
11934,3978,0
11935,3978,1
11936,3978,2
11937,3979,0
11938,3979,1
11939,3979,2
11940,3980,0
11941,3980,1
11942,3980,2
11943,3981,0
11944,3981,1
11945,3981,2
11946,3982,0
11947,3982,1
11948,3982,2
11949,3983,0
11950,3983,1
11951,3983,2
11952,3984,0
11953,3984,1
11954,3984,2
11955,3985,0
11956,3985,1
11957,3985,2
11958,3986,0
11959,3986,1
11960,3986,2
11961,3987,0
11962,3987,1
11963,3987,2
11964,3988,0
11965,3988,1
11966,3988,2
11967,3989,0
11968,3989,1
11969,3989,2
11970,3990,0
11971,3990,1
11972,3990,2
11973,3991,0
11974,3991,1
11975,3991,2
11976,3992,0
11977,3992,1
11978,3992,2
11979,3993,0
11980,3993,1
11981,3993,2
11982,3994,0
11983,3994,1
11984,3994,2
11985,3995,0
11986,3995,1
11987,3995,2
11988,3996,0
11989,3996,1
11990,3996,2
11991,3997,0
11992,3997,1
11993,3997,2
11994,3998,0
11995,3998,1
11996,3998,2
11997,3999,0
11998,3999,1
11999,3999,2
12000,4000,0
12001,4000,1
12002,4000,2
12003,4001,0
12004,4001,1
12005,4001,2
12006,4002,0
12007,4002,1
12008,4002,2
12009,4003,0
12010,4003,1
12011,4003,2
12012,4004,0
12013,4004,1
12014,4004,2
12015,4005,0
12016,4005,1
12017,4005,2
12018,4006,0
12019,4006,1
12020,4006,2
12021,4007,0
12022,4007,1
12023,4007,2
12024,4008,0
12025,4008,1
12026,4008,2
12027,4009,0
12028,4009,1
12029,4009,2
12030,4010,0
12031,4010,1
12032,4010,2
12033,4011,0
12034,4011,1
12035,4011,2
12036,4012,0
12037,4012,1
12038,4012,2
12039,4013,0
12040,4013,1
12041,4013,2
12042,4014,0
12043,4014,1
12044,4014,2
12045,4015,0
12046,4015,1
12047,4015,2
12048,4016,0
12049,4016,1
12050,4016,2
12051,4017,0
12052,4017,1
12053,4017,2
12054,4018,0
12055,4018,1
12056,4018,2
12057,4019,0
12058,4019,1
12059,4019,2
12060,4020,0
12061,4020,1
12062,4020,2
12063,4021,0
12064,4021,1
12065,4021,2
12066,4022,0
12067,4022,1
12068,4022,2
12069,4023,0
12070,4023,1
12071,4023,2
12072,4024,0
12073,4024,1
12074,4024,2
12075,4025,0
12076,4025,1
12077,4025,2
12078,4026,0
12079,4026,1
12080,4026,2
12081,4027,0
12082,4027,1
12083,4027,2
12084,4028,0
12085,4028,1
12086,4028,2
12087,4029,0
12088,4029,1
12089,4029,2
12090,4030,0
12091,4030,1
12092,4030,2
12093,4031,0
12094,4031,1
12095,4031,2
12096,4032,0
12097,4032,1
12098,4032,2
12099,4033,0
12100,4033,1
12101,4033,2
12102,4034,0
12103,4034,1
12104,4034,2
12105,4035,0
12106,4035,1
12107,4035,2
12108,4036,0
12109,4036,1
12110,4036,2
12111,4037,0
12112,4037,1
12113,4037,2
12114,4038,0
12115,4038,1
12116,4038,2
12117,4039,0
12118,4039,1
12119,4039,2
12120,4040,0
12121,4040,1
12122,4040,2
12123,4041,0
12124,4041,1
12125,4041,2
12126,4042,0
12127,4042,1
12128,4042,2
12129,4043,0
12130,4043,1
12131,4043,2
12132,4044,0
12133,4044,1
12134,4044,2
12135,4045,0
12136,4045,1
12137,4045,2
12138,4046,0
12139,4046,1
12140,4046,2
12141,4047,0
12142,4047,1
12143,4047,2
12144,4048,0
12145,4048,1
12146,4048,2
12147,4049,0
12148,4049,1
12149,4049,2
12150,4050,0
12151,4050,1
12152,4050,2
12153,4051,0
12154,4051,1
12155,4051,2
12156,4052,0
12157,4052,1
12158,4052,2
12159,4053,0
12160,4053,1
12161,4053,2
12162,4054,0
12163,4054,1
12164,4054,2
12165,4055,0
12166,4055,1
12167,4055,2
12168,4056,0
12169,4056,1
12170,4056,2
12171,4057,0
12172,4057,1
12173,4057,2
12174,4058,0
12175,4058,1
12176,4058,2
12177,4059,0
12178,4059,1
12179,4059,2
12180,4060,0
12181,4060,1
12182,4060,2
12183,4061,0
12184,4061,1
12185,4061,2
12186,4062,0
12187,4062,1
12188,4062,2
12189,4063,0
12190,4063,1
12191,4063,2
12192,4064,0
12193,4064,1
12194,4064,2
12195,4065,0
12196,4065,1
12197,4065,2
12198,4066,0
12199,4066,1
12200,4066,2
12201,4067,0
12202,4067,1
12203,4067,2
12204,4068,0
12205,4068,1
12206,4068,2
12207,4069,0
12208,4069,1
12209,4069,2
12210,4070,0
12211,4070,1
12212,4070,2
12213,4071,0
12214,4071,1
12215,4071,2
12216,4072,0
12217,4072,1
12218,4072,2
12219,4073,0
12220,4073,1
12221,4073,2
12222,4074,0
12223,4074,1
12224,4074,2
12225,4075,0
12226,4075,1
12227,4075,2
12228,4076,0
12229,4076,1
12230,4076,2
12231,4077,0
12232,4077,1
12233,4077,2
12234,4078,0
12235,4078,1
12236,4078,2
12237,4079,0
12238,4079,1
12239,4079,2
12240,4080,0
12241,4080,1
12242,4080,2
12243,4081,0
12244,4081,1
12245,4081,2
12246,4082,0
12247,4082,1
12248,4082,2
12249,4083,0
12250,4083,1
12251,4083,2
12252,4084,0
12253,4084,1
12254,4084,2
12255,4085,0
12256,4085,1
12257,4085,2
12258,4086,0
12259,4086,1
12260,4086,2
12261,4087,0
12262,4087,1
12263,4087,2
12264,4088,0
12265,4088,1
12266,4088,2
12267,4089,0
12268,4089,1
12269,4089,2
12270,4090,0
12271,4090,1
12272,4090,2
12273,4091,0
12274,4091,1
12275,4091,2
12276,4092,0
12277,4092,1
12278,4092,2
12279,4093,0
12280,4093,1
12281,4093,2
12282,4094,0
12283,4094,1
12284,4094,2
12285,4095,0
12286,4095,1
12287,4095,2
12288,4096,0
12289,4096,1
12290,4096,2
12291,4097,0
12292,4097,1
12293,4097,2
12294,4098,0
12295,4098,1
12296,4098,2
12297,4099,0
12298,4099,1
12299,4099,2
12300,4100,0
12301,4100,1
12302,4100,2
12303,4101,0
12304,4101,1
12305,4101,2
12306,4102,0
12307,4102,1
12308,4102,2
12309,4103,0
12310,4103,1
12311,4103,2
12312,4104,0
12313,4104,1
12314,4104,2
12315,4105,0
12316,4105,1
12317,4105,2
12318,4106,0
12319,4106,1
12320,4106,2
12321,4107,0
12322,4107,1
12323,4107,2
12324,4108,0
12325,4108,1
12326,4108,2
12327,4109,0
12328,4109,1
12329,4109,2
12330,4110,0
12331,4110,1
12332,4110,2
12333,4111,0
12334,4111,1
12335,4111,2
12336,4112,0
12337,4112,1
12338,4112,2
12339,4113,0
12340,4113,1
12341,4113,2
12342,4114,0
12343,4114,1
12344,4114,2
12345,4115,0
12346,4115,1
12347,4115,2
12348,4116,0
12349,4116,1
12350,4116,2
12351,4117,0
12352,4117,1
12353,4117,2
12354,4118,0
12355,4118,1
12356,4118,2
12357,4119,0
12358,4119,1
12359,4119,2
12360,4120,0
12361,4120,1
12362,4120,2
12363,4121,0
12364,4121,1
12365,4121,2
12366,4122,0
12367,4122,1
12368,4122,2
12369,4123,0
12370,4123,1
12371,4123,2
12372,4124,0
12373,4124,1
12374,4124,2
12375,4125,0
12376,4125,1
12377,4125,2
12378,4126,0
12379,4126,1
12380,4126,2
12381,4127,0
12382,4127,1
12383,4127,2
12384,4128,0
12385,4128,1
12386,4128,2
12387,4129,0
12388,4129,1
12389,4129,2
12390,4130,0
12391,4130,1
12392,4130,2
12393,4131,0
12394,4131,1
12395,4131,2
12396,4132,0
12397,4132,1
12398,4132,2
12399,4133,0
12400,4133,1
12401,4133,2
12402,4134,0
12403,4134,1
12404,4134,2
12405,4135,0
12406,4135,1
12407,4135,2
12408,4136,0
12409,4136,1
12410,4136,2
12411,4137,0
12412,4137,1
12413,4137,2
12414,4138,0
12415,4138,1
12416,4138,2
12417,4139,0
12418,4139,1
12419,4139,2
12420,4140,0
12421,4140,1
12422,4140,2
12423,4141,0
12424,4141,1
12425,4141,2
12426,4142,0
12427,4142,1
12428,4142,2
12429,4143,0
12430,4143,1
12431,4143,2
12432,4144,0
12433,4144,1
12434,4144,2
12435,4145,0
12436,4145,1
12437,4145,2
12438,4146,0
12439,4146,1
12440,4146,2
12441,4147,0
12442,4147,1
12443,4147,2
12444,4148,0
12445,4148,1
12446,4148,2
12447,4149,0
12448,4149,1
12449,4149,2
12450,4150,0
12451,4150,1
12452,4150,2
12453,4151,0
12454,4151,1
12455,4151,2
12456,4152,0
12457,4152,1
12458,4152,2
12459,4153,0
12460,4153,1
12461,4153,2
12462,4154,0
12463,4154,1
12464,4154,2
12465,4155,0
12466,4155,1
12467,4155,2
12468,4156,0
12469,4156,1
12470,4156,2
12471,4157,0
12472,4157,1
12473,4157,2
12474,4158,0
12475,4158,1
12476,4158,2
12477,4159,0
12478,4159,1
12479,4159,2
12480,4160,0
12481,4160,1
12482,4160,2
12483,4161,0
12484,4161,1
12485,4161,2
12486,4162,0
12487,4162,1
12488,4162,2
12489,4163,0
12490,4163,1
12491,4163,2
12492,4164,0
12493,4164,1
12494,4164,2
12495,4165,0
12496,4165,1
12497,4165,2
12498,4166,0
12499,4166,1
12500,4166,2
12501,4167,0
12502,4167,1
12503,4167,2
12504,4168,0
12505,4168,1
12506,4168,2
12507,4169,0
12508,4169,1
12509,4169,2
12510,4170,0
12511,4170,1
12512,4170,2
12513,4171,0
12514,4171,1
12515,4171,2
12516,4172,0
12517,4172,1
12518,4172,2
12519,4173,0
12520,4173,1
12521,4173,2
12522,4174,0
12523,4174,1
12524,4174,2
12525,4175,0
12526,4175,1
12527,4175,2
12528,4176,0
12529,4176,1
12530,4176,2
12531,4177,0
12532,4177,1
12533,4177,2
12534,4178,0
12535,4178,1
12536,4178,2
12537,4179,0
12538,4179,1
12539,4179,2
12540,4180,0
12541,4180,1
12542,4180,2
12543,4181,0
12544,4181,1
12545,4181,2
12546,4182,0
12547,4182,1
12548,4182,2
12549,4183,0
12550,4183,1
12551,4183,2
12552,4184,0
12553,4184,1
12554,4184,2
12555,4185,0
12556,4185,1
12557,4185,2
12558,4186,0
12559,4186,1
12560,4186,2
12561,4187,0
12562,4187,1
12563,4187,2
12564,4188,0
12565,4188,1
12566,4188,2
12567,4189,0
12568,4189,1
12569,4189,2
12570,4190,0
12571,4190,1
12572,4190,2
12573,4191,0
12574,4191,1
12575,4191,2
12576,4192,0
12577,4192,1
12578,4192,2
12579,4193,0
12580,4193,1
12581,4193,2
12582,4194,0
12583,4194,1
12584,4194,2
12585,4195,0
12586,4195,1
12587,4195,2
12588,4196,0
12589,4196,1
12590,4196,2
12591,4197,0
12592,4197,1
12593,4197,2
12594,4198,0
12595,4198,1
12596,4198,2
12597,4199,0
12598,4199,1
12599,4199,2
12600,4200,0
12601,4200,1
12602,4200,2
12603,4201,0
12604,4201,1
12605,4201,2
12606,4202,0
12607,4202,1
12608,4202,2
12609,4203,0
12610,4203,1
12611,4203,2
12612,4204,0
12613,4204,1
12614,4204,2
12615,4205,0
12616,4205,1
12617,4205,2
12618,4206,0
12619,4206,1
12620,4206,2
12621,4207,0
12622,4207,1
12623,4207,2
12624,4208,0
12625,4208,1
12626,4208,2
12627,4209,0
12628,4209,1
12629,4209,2
12630,4210,0
12631,4210,1
12632,4210,2
12633,4211,0
12634,4211,1
12635,4211,2
12636,4212,0
12637,4212,1
12638,4212,2
12639,4213,0
12640,4213,1
12641,4213,2
12642,4214,0
12643,4214,1
12644,4214,2
12645,4215,0
12646,4215,1
12647,4215,2
12648,4216,0
12649,4216,1
12650,4216,2
12651,4217,0
12652,4217,1
12653,4217,2
12654,4218,0
12655,4218,1
12656,4218,2
12657,4219,0
12658,4219,1
12659,4219,2
12660,4220,0
12661,4220,1
12662,4220,2
12663,4221,0
12664,4221,1
12665,4221,2
12666,4222,0
12667,4222,1
12668,4222,2
12669,4223,0
12670,4223,1
12671,4223,2
12672,4224,0
12673,4224,1
12674,4224,2
12675,4225,0
12676,4225,1
12677,4225,2
12678,4226,0
12679,4226,1
12680,4226,2
12681,4227,0
12682,4227,1
12683,4227,2
12684,4228,0
12685,4228,1
12686,4228,2
12687,4229,0
12688,4229,1
12689,4229,2
12690,4230,0
12691,4230,1
12692,4230,2
12693,4231,0
12694,4231,1
12695,4231,2
12696,4232,0
12697,4232,1
12698,4232,2
12699,4233,0
12700,4233,1
12701,4233,2
12702,4234,0
12703,4234,1
12704,4234,2
12705,4235,0
12706,4235,1
12707,4235,2
12708,4236,0
12709,4236,1
12710,4236,2
12711,4237,0
12712,4237,1
12713,4237,2
12714,4238,0
12715,4238,1
12716,4238,2
12717,4239,0
12718,4239,1
12719,4239,2
12720,4240,0
12721,4240,1
12722,4240,2
12723,4241,0
12724,4241,1
12725,4241,2
12726,4242,0
12727,4242,1
12728,4242,2
12729,4243,0
12730,4243,1
12731,4243,2
12732,4244,0
12733,4244,1
12734,4244,2
12735,4245,0
12736,4245,1
12737,4245,2
12738,4246,0
12739,4246,1
12740,4246,2
12741,4247,0
12742,4247,1
12743,4247,2
12744,4248,0
12745,4248,1
12746,4248,2
12747,4249,0
12748,4249,1
12749,4249,2
12750,4250,0
12751,4250,1
12752,4250,2
12753,4251,0
12754,4251,1
12755,4251,2
12756,4252,0
12757,4252,1
12758,4252,2
12759,4253,0
12760,4253,1
12761,4253,2
12762,4254,0
12763,4254,1
12764,4254,2
12765,4255,0
12766,4255,1
12767,4255,2
12768,4256,0
12769,4256,1
12770,4256,2
12771,4257,0
12772,4257,1
12773,4257,2
12774,4258,0
12775,4258,1
12776,4258,2
12777,4259,0
12778,4259,1
12779,4259,2
12780,4260,0
12781,4260,1
12782,4260,2
12783,4261,0
12784,4261,1
12785,4261,2
12786,4262,0
12787,4262,1
12788,4262,2
12789,4263,0
12790,4263,1
12791,4263,2
12792,4264,0
12793,4264,1
12794,4264,2
12795,4265,0
12796,4265,1
12797,4265,2
12798,4266,0
12799,4266,1
12800,4266,2
12801,4267,0
12802,4267,1
12803,4267,2
12804,4268,0
12805,4268,1
12806,4268,2
12807,4269,0
12808,4269,1
12809,4269,2
12810,4270,0
12811,4270,1
12812,4270,2
12813,4271,0
12814,4271,1
12815,4271,2
12816,4272,0
12817,4272,1
12818,4272,2
12819,4273,0
12820,4273,1
12821,4273,2
12822,4274,0
12823,4274,1
12824,4274,2
12825,4275,0
12826,4275,1
12827,4275,2
12828,4276,0
12829,4276,1
12830,4276,2
12831,4277,0
12832,4277,1
12833,4277,2
12834,4278,0
12835,4278,1
12836,4278,2
12837,4279,0
12838,4279,1
12839,4279,2
12840,4280,0
12841,4280,1
12842,4280,2
12843,4281,0
12844,4281,1
12845,4281,2
12846,4282,0
12847,4282,1
12848,4282,2
12849,4283,0
12850,4283,1
12851,4283,2
12852,4284,0
12853,4284,1
12854,4284,2
12855,4285,0
12856,4285,1
12857,4285,2
12858,4286,0
12859,4286,1
12860,4286,2
12861,4287,0
12862,4287,1
12863,4287,2
12864,4288,0
12865,4288,1
12866,4288,2
12867,4289,0
12868,4289,1
12869,4289,2
12870,4290,0
12871,4290,1
12872,4290,2
12873,4291,0
12874,4291,1
12875,4291,2
12876,4292,0
12877,4292,1
12878,4292,2
12879,4293,0
12880,4293,1
12881,4293,2
12882,4294,0
12883,4294,1
12884,4294,2
12885,4295,0
12886,4295,1
12887,4295,2
12888,4296,0
12889,4296,1
12890,4296,2
12891,4297,0
12892,4297,1
12893,4297,2
12894,4298,0
12895,4298,1
12896,4298,2
12897,4299,0
12898,4299,1
12899,4299,2
12900,4300,0
12901,4300,1
12902,4300,2
12903,4301,0
12904,4301,1
12905,4301,2
12906,4302,0
12907,4302,1
12908,4302,2
12909,4303,0
12910,4303,1
12911,4303,2
12912,4304,0
12913,4304,1
12914,4304,2
12915,4305,0
12916,4305,1
12917,4305,2
12918,4306,0
12919,4306,1
12920,4306,2
12921,4307,0
12922,4307,1
12923,4307,2
12924,4308,0
12925,4308,1
12926,4308,2
12927,4309,0
12928,4309,1
12929,4309,2
12930,4310,0
12931,4310,1
12932,4310,2
12933,4311,0
12934,4311,1
12935,4311,2
12936,4312,0
12937,4312,1
12938,4312,2
12939,4313,0
12940,4313,1
12941,4313,2
12942,4314,0
12943,4314,1
12944,4314,2
12945,4315,0
12946,4315,1
12947,4315,2
12948,4316,0
12949,4316,1
12950,4316,2
12951,4317,0
12952,4317,1
12953,4317,2
12954,4318,0
12955,4318,1
12956,4318,2
12957,4319,0
12958,4319,1
12959,4319,2
12960,4320,0
12961,4320,1
12962,4320,2
12963,4321,0
12964,4321,1
12965,4321,2
12966,4322,0
12967,4322,1
12968,4322,2
12969,4323,0
12970,4323,1
12971,4323,2
12972,4324,0
12973,4324,1
12974,4324,2
12975,4325,0
12976,4325,1
12977,4325,2
12978,4326,0
12979,4326,1
12980,4326,2
12981,4327,0
12982,4327,1
12983,4327,2
12984,4328,0
12985,4328,1
12986,4328,2
12987,4329,0
12988,4329,1
12989,4329,2
12990,4330,0
12991,4330,1
12992,4330,2
12993,4331,0
12994,4331,1
12995,4331,2
12996,4332,0
12997,4332,1
12998,4332,2
12999,4333,0
13000,4333,1
13001,4333,2
13002,4334,0
13003,4334,1
13004,4334,2
13005,4335,0
13006,4335,1
13007,4335,2
13008,4336,0
13009,4336,1
13010,4336,2
13011,4337,0
13012,4337,1
13013,4337,2
13014,4338,0
13015,4338,1
13016,4338,2
13017,4339,0
13018,4339,1
13019,4339,2
13020,4340,0
13021,4340,1
13022,4340,2
13023,4341,0
13024,4341,1
13025,4341,2
13026,4342,0
13027,4342,1
13028,4342,2
13029,4343,0
13030,4343,1
13031,4343,2
13032,4344,0
13033,4344,1
13034,4344,2
13035,4345,0
13036,4345,1
13037,4345,2
13038,4346,0
13039,4346,1
13040,4346,2
13041,4347,0
13042,4347,1
13043,4347,2
13044,4348,0
13045,4348,1
13046,4348,2
13047,4349,0
13048,4349,1
13049,4349,2
13050,4350,0
13051,4350,1
13052,4350,2
13053,4351,0
13054,4351,1
13055,4351,2
13056,4352,0
13057,4352,1
13058,4352,2
13059,4353,0
13060,4353,1
13061,4353,2
13062,4354,0
13063,4354,1
13064,4354,2
13065,4355,0
13066,4355,1
13067,4355,2
13068,4356,0
13069,4356,1
13070,4356,2
13071,4357,0
13072,4357,1
13073,4357,2
13074,4358,0
13075,4358,1
13076,4358,2
13077,4359,0
13078,4359,1
13079,4359,2
13080,4360,0
13081,4360,1
13082,4360,2
13083,4361,0
13084,4361,1
13085,4361,2
13086,4362,0
13087,4362,1
13088,4362,2
13089,4363,0
13090,4363,1
13091,4363,2
13092,4364,0
13093,4364,1
13094,4364,2
13095,4365,0
13096,4365,1
13097,4365,2
13098,4366,0
13099,4366,1
13100,4366,2
13101,4367,0
13102,4367,1
13103,4367,2
13104,4368,0
13105,4368,1
13106,4368,2
13107,4369,0
13108,4369,1
13109,4369,2
13110,4370,0
13111,4370,1
13112,4370,2
13113,4371,0
13114,4371,1
13115,4371,2
13116,4372,0
13117,4372,1
13118,4372,2
13119,4373,0
13120,4373,1
13121,4373,2
13122,4374,0
13123,4374,1
13124,4374,2
13125,4375,0
13126,4375,1
13127,4375,2
13128,4376,0
13129,4376,1
13130,4376,2
13131,4377,0
13132,4377,1
13133,4377,2
13134,4378,0
13135,4378,1
13136,4378,2
13137,4379,0
13138,4379,1
13139,4379,2
13140,4380,0
13141,4380,1
13142,4380,2
13143,4381,0
13144,4381,1
13145,4381,2
13146,4382,0
13147,4382,1
13148,4382,2
13149,4383,0
13150,4383,1
13151,4383,2
13152,4384,0
13153,4384,1
13154,4384,2
13155,4385,0
13156,4385,1
13157,4385,2
13158,4386,0
13159,4386,1
13160,4386,2
13161,4387,0
13162,4387,1
13163,4387,2
13164,4388,0
13165,4388,1
13166,4388,2
13167,4389,0
13168,4389,1
13169,4389,2
13170,4390,0
13171,4390,1
13172,4390,2
13173,4391,0
13174,4391,1
13175,4391,2
13176,4392,0
13177,4392,1
13178,4392,2
13179,4393,0
13180,4393,1
13181,4393,2
13182,4394,0
13183,4394,1
13184,4394,2
13185,4395,0
13186,4395,1
13187,4395,2
13188,4396,0
13189,4396,1
13190,4396,2
13191,4397,0
13192,4397,1
13193,4397,2
13194,4398,0
13195,4398,1
13196,4398,2
13197,4399,0
13198,4399,1
13199,4399,2
13200,4400,0
13201,4400,1
13202,4400,2
13203,4401,0
13204,4401,1
13205,4401,2
13206,4402,0
13207,4402,1
13208,4402,2
13209,4403,0
13210,4403,1
13211,4403,2
13212,4404,0
13213,4404,1
13214,4404,2
13215,4405,0
13216,4405,1
13217,4405,2
13218,4406,0
13219,4406,1
13220,4406,2
13221,4407,0
13222,4407,1
13223,4407,2
13224,4408,0
13225,4408,1
13226,4408,2
13227,4409,0
13228,4409,1
13229,4409,2
13230,4410,0
13231,4410,1
13232,4410,2
13233,4411,0
13234,4411,1
13235,4411,2
13236,4412,0
13237,4412,1
13238,4412,2
13239,4413,0
13240,4413,1
13241,4413,2
13242,4414,0
13243,4414,1
13244,4414,2
13245,4415,0
13246,4415,1
13247,4415,2
13248,4416,0
13249,4416,1
13250,4416,2
13251,4417,0
13252,4417,1
13253,4417,2
13254,4418,0
13255,4418,1
13256,4418,2
13257,4419,0
13258,4419,1
13259,4419,2
13260,4420,0
13261,4420,1
13262,4420,2
13263,4421,0
13264,4421,1
13265,4421,2
13266,4422,0
13267,4422,1
13268,4422,2
13269,4423,0
13270,4423,1
13271,4423,2
13272,4424,0
13273,4424,1
13274,4424,2
13275,4425,0
13276,4425,1
13277,4425,2
13278,4426,0
13279,4426,1
13280,4426,2
13281,4427,0
13282,4427,1
13283,4427,2
13284,4428,0
13285,4428,1
13286,4428,2
13287,4429,0
13288,4429,1
13289,4429,2
13290,4430,0
13291,4430,1
13292,4430,2
13293,4431,0
13294,4431,1
13295,4431,2
13296,4432,0
13297,4432,1
13298,4432,2
13299,4433,0
13300,4433,1
13301,4433,2
13302,4434,0
13303,4434,1
13304,4434,2
13305,4435,0
13306,4435,1
13307,4435,2
13308,4436,0
13309,4436,1
13310,4436,2
13311,4437,0
13312,4437,1
13313,4437,2
13314,4438,0
13315,4438,1
13316,4438,2
13317,4439,0
13318,4439,1
13319,4439,2
13320,4440,0
13321,4440,1
13322,4440,2
13323,4441,0
13324,4441,1
13325,4441,2
13326,4442,0
13327,4442,1
13328,4442,2
13329,4443,0
13330,4443,1
13331,4443,2
13332,4444,0
13333,4444,1
13334,4444,2
13335,4445,0
13336,4445,1
13337,4445,2
13338,4446,0
13339,4446,1
13340,4446,2
13341,4447,0
13342,4447,1
13343,4447,2
13344,4448,0
13345,4448,1
13346,4448,2
13347,4449,0
13348,4449,1
13349,4449,2
13350,4450,0
13351,4450,1
13352,4450,2
13353,4451,0
13354,4451,1
13355,4451,2
13356,4452,0
13357,4452,1
13358,4452,2
13359,4453,0
13360,4453,1
13361,4453,2
13362,4454,0
13363,4454,1
13364,4454,2
13365,4455,0
13366,4455,1
13367,4455,2
13368,4456,0
13369,4456,1
13370,4456,2
13371,4457,0
13372,4457,1
13373,4457,2
13374,4458,0
13375,4458,1
13376,4458,2
13377,4459,0
13378,4459,1
13379,4459,2
13380,4460,0
13381,4460,1
13382,4460,2
13383,4461,0
13384,4461,1
13385,4461,2
13386,4462,0
13387,4462,1
13388,4462,2
13389,4463,0
13390,4463,1
13391,4463,2
13392,4464,0
13393,4464,1
13394,4464,2
13395,4465,0
13396,4465,1
13397,4465,2
13398,4466,0
13399,4466,1
13400,4466,2
13401,4467,0
13402,4467,1
13403,4467,2
13404,4468,0
13405,4468,1
13406,4468,2
13407,4469,0
13408,4469,1
13409,4469,2
13410,4470,0
13411,4470,1
13412,4470,2
13413,4471,0
13414,4471,1
13415,4471,2
13416,4472,0
13417,4472,1
13418,4472,2
13419,4473,0
13420,4473,1
13421,4473,2
13422,4474,0
13423,4474,1
13424,4474,2
13425,4475,0
13426,4475,1
13427,4475,2
13428,4476,0
13429,4476,1
13430,4476,2
13431,4477,0
13432,4477,1
13433,4477,2
13434,4478,0
13435,4478,1
13436,4478,2
13437,4479,0
13438,4479,1
13439,4479,2
13440,4480,0
13441,4480,1
13442,4480,2
13443,4481,0
13444,4481,1
13445,4481,2
13446,4482,0
13447,4482,1
13448,4482,2
13449,4483,0
13450,4483,1
13451,4483,2
13452,4484,0
13453,4484,1
13454,4484,2
13455,4485,0
13456,4485,1
13457,4485,2
13458,4486,0
13459,4486,1
13460,4486,2
13461,4487,0
13462,4487,1
13463,4487,2
13464,4488,0
13465,4488,1
13466,4488,2
13467,4489,0
13468,4489,1
13469,4489,2
13470,4490,0
13471,4490,1
13472,4490,2
13473,4491,0
13474,4491,1
13475,4491,2
13476,4492,0
13477,4492,1
13478,4492,2
13479,4493,0
13480,4493,1
13481,4493,2
13482,4494,0
13483,4494,1
13484,4494,2
13485,4495,0
13486,4495,1
13487,4495,2
13488,4496,0
13489,4496,1
13490,4496,2
13491,4497,0
13492,4497,1
13493,4497,2
13494,4498,0
13495,4498,1
13496,4498,2
13497,4499,0
13498,4499,1
13499,4499,2
13500,4500,0
13501,4500,1
13502,4500,2
13503,4501,0
13504,4501,1
13505,4501,2
13506,4502,0
13507,4502,1
13508,4502,2
13509,4503,0
13510,4503,1
13511,4503,2
13512,4504,0
13513,4504,1
13514,4504,2
13515,4505,0
13516,4505,1
13517,4505,2
13518,4506,0
13519,4506,1
13520,4506,2
13521,4507,0
13522,4507,1
13523,4507,2
13524,4508,0
13525,4508,1
13526,4508,2
13527,4509,0
13528,4509,1
13529,4509,2
13530,4510,0
13531,4510,1
13532,4510,2
13533,4511,0
13534,4511,1
13535,4511,2
13536,4512,0
13537,4512,1
13538,4512,2
13539,4513,0
13540,4513,1
13541,4513,2
13542,4514,0
13543,4514,1
13544,4514,2
13545,4515,0
13546,4515,1
13547,4515,2
13548,4516,0
13549,4516,1
13550,4516,2
13551,4517,0
13552,4517,1
13553,4517,2
13554,4518,0
13555,4518,1
13556,4518,2
13557,4519,0
13558,4519,1
13559,4519,2
13560,4520,0
13561,4520,1
13562,4520,2
13563,4521,0
13564,4521,1
13565,4521,2
13566,4522,0
13567,4522,1
13568,4522,2
13569,4523,0
13570,4523,1
13571,4523,2
13572,4524,0
13573,4524,1
13574,4524,2
13575,4525,0
13576,4525,1
13577,4525,2
13578,4526,0
13579,4526,1
13580,4526,2
13581,4527,0
13582,4527,1
13583,4527,2
13584,4528,0
13585,4528,1
13586,4528,2
13587,4529,0
13588,4529,1
13589,4529,2
13590,4530,0
13591,4530,1
13592,4530,2
13593,4531,0
13594,4531,1
13595,4531,2
13596,4532,0
13597,4532,1
13598,4532,2
13599,4533,0
13600,4533,1
13601,4533,2
13602,4534,0
13603,4534,1
13604,4534,2
13605,4535,0
13606,4535,1
13607,4535,2
13608,4536,0
13609,4536,1
13610,4536,2
13611,4537,0
13612,4537,1
13613,4537,2
13614,4538,0
13615,4538,1
13616,4538,2
13617,4539,0
13618,4539,1
13619,4539,2
13620,4540,0
13621,4540,1
13622,4540,2
13623,4541,0
13624,4541,1
13625,4541,2
13626,4542,0
13627,4542,1
13628,4542,2
13629,4543,0
13630,4543,1
13631,4543,2
13632,4544,0
13633,4544,1
13634,4544,2
13635,4545,0
13636,4545,1
13637,4545,2
13638,4546,0
13639,4546,1
13640,4546,2
13641,4547,0
13642,4547,1
13643,4547,2
13644,4548,0
13645,4548,1
13646,4548,2
13647,4549,0
13648,4549,1
13649,4549,2
13650,4550,0
13651,4550,1
13652,4550,2
13653,4551,0
13654,4551,1
13655,4551,2
13656,4552,0
13657,4552,1
13658,4552,2
13659,4553,0
13660,4553,1
13661,4553,2
13662,4554,0
13663,4554,1
13664,4554,2
13665,4555,0
13666,4555,1
13667,4555,2
13668,4556,0
13669,4556,1
13670,4556,2
13671,4557,0
13672,4557,1
13673,4557,2
13674,4558,0
13675,4558,1
13676,4558,2
13677,4559,0
13678,4559,1
13679,4559,2
13680,4560,0
13681,4560,1
13682,4560,2
13683,4561,0
13684,4561,1
13685,4561,2
13686,4562,0
13687,4562,1
13688,4562,2
13689,4563,0
13690,4563,1
13691,4563,2
13692,4564,0
13693,4564,1
13694,4564,2
13695,4565,0
13696,4565,1
13697,4565,2
13698,4566,0
13699,4566,1
13700,4566,2
13701,4567,0
13702,4567,1
13703,4567,2
13704,4568,0
13705,4568,1
13706,4568,2
13707,4569,0
13708,4569,1
13709,4569,2
13710,4570,0
13711,4570,1
13712,4570,2
13713,4571,0
13714,4571,1
13715,4571,2
13716,4572,0
13717,4572,1
13718,4572,2
13719,4573,0
13720,4573,1
13721,4573,2
13722,4574,0
13723,4574,1
13724,4574,2
13725,4575,0
13726,4575,1
13727,4575,2
13728,4576,0
13729,4576,1
13730,4576,2
13731,4577,0
13732,4577,1
13733,4577,2
13734,4578,0
13735,4578,1
13736,4578,2
13737,4579,0
13738,4579,1
13739,4579,2
13740,4580,0
13741,4580,1
13742,4580,2
13743,4581,0
13744,4581,1
13745,4581,2
13746,4582,0
13747,4582,1
13748,4582,2
13749,4583,0
13750,4583,1
13751,4583,2
13752,4584,0
13753,4584,1
13754,4584,2
13755,4585,0
13756,4585,1
13757,4585,2
13758,4586,0
13759,4586,1
13760,4586,2
13761,4587,0
13762,4587,1
13763,4587,2
13764,4588,0
13765,4588,1
13766,4588,2
13767,4589,0
13768,4589,1
13769,4589,2
13770,4590,0
13771,4590,1
13772,4590,2
13773,4591,0
13774,4591,1
13775,4591,2
13776,4592,0
13777,4592,1
13778,4592,2
13779,4593,0
13780,4593,1
13781,4593,2
13782,4594,0
13783,4594,1
13784,4594,2
13785,4595,0
13786,4595,1
13787,4595,2
13788,4596,0
13789,4596,1
13790,4596,2
13791,4597,0
13792,4597,1
13793,4597,2
13794,4598,0
13795,4598,1
13796,4598,2
13797,4599,0
13798,4599,1
13799,4599,2
13800,4600,0
13801,4600,1
13802,4600,2
13803,4601,0
13804,4601,1
13805,4601,2
13806,4602,0
13807,4602,1
13808,4602,2
13809,4603,0
13810,4603,1
13811,4603,2
13812,4604,0
13813,4604,1
13814,4604,2
13815,4605,0
13816,4605,1
13817,4605,2
13818,4606,0
13819,4606,1
13820,4606,2
13821,4607,0
13822,4607,1
13823,4607,2
13824,4608,0
13825,4608,1
13826,4608,2
13827,4609,0
13828,4609,1
13829,4609,2
13830,4610,0
13831,4610,1
13832,4610,2
13833,4611,0
13834,4611,1
13835,4611,2
13836,4612,0
13837,4612,1
13838,4612,2
13839,4613,0
13840,4613,1
13841,4613,2
13842,4614,0
13843,4614,1
13844,4614,2
13845,4615,0
13846,4615,1
13847,4615,2
13848,4616,0
13849,4616,1
13850,4616,2
13851,4617,0
13852,4617,1
13853,4617,2
13854,4618,0
13855,4618,1
13856,4618,2
13857,4619,0
13858,4619,1
13859,4619,2
13860,4620,0
13861,4620,1
13862,4620,2
13863,4621,0
13864,4621,1
13865,4621,2
13866,4622,0
13867,4622,1
13868,4622,2
13869,4623,0
13870,4623,1
13871,4623,2
13872,4624,0
13873,4624,1
13874,4624,2
13875,4625,0
13876,4625,1
13877,4625,2
13878,4626,0
13879,4626,1
13880,4626,2
13881,4627,0
13882,4627,1
13883,4627,2
13884,4628,0
13885,4628,1
13886,4628,2
13887,4629,0
13888,4629,1
13889,4629,2
13890,4630,0
13891,4630,1
13892,4630,2
13893,4631,0
13894,4631,1
13895,4631,2
13896,4632,0
13897,4632,1
13898,4632,2
13899,4633,0
13900,4633,1
13901,4633,2
13902,4634,0
13903,4634,1
13904,4634,2
13905,4635,0
13906,4635,1
13907,4635,2
13908,4636,0
13909,4636,1
13910,4636,2
13911,4637,0
13912,4637,1
13913,4637,2
13914,4638,0
13915,4638,1
13916,4638,2
13917,4639,0
13918,4639,1
13919,4639,2
13920,4640,0
13921,4640,1
13922,4640,2
13923,4641,0
13924,4641,1
13925,4641,2
13926,4642,0
13927,4642,1
13928,4642,2
13929,4643,0
13930,4643,1
13931,4643,2
13932,4644,0
13933,4644,1
13934,4644,2
13935,4645,0
13936,4645,1
13937,4645,2
13938,4646,0
13939,4646,1
13940,4646,2
13941,4647,0
13942,4647,1
13943,4647,2
13944,4648,0
13945,4648,1
13946,4648,2
13947,4649,0
13948,4649,1
13949,4649,2
13950,4650,0
13951,4650,1
13952,4650,2
13953,4651,0
13954,4651,1
13955,4651,2
13956,4652,0
13957,4652,1
13958,4652,2
13959,4653,0
13960,4653,1
13961,4653,2
13962,4654,0
13963,4654,1
13964,4654,2
13965,4655,0
13966,4655,1
13967,4655,2
13968,4656,0
13969,4656,1
13970,4656,2
13971,4657,0
13972,4657,1
13973,4657,2
13974,4658,0
13975,4658,1
13976,4658,2
13977,4659,0
13978,4659,1
13979,4659,2
13980,4660,0
13981,4660,1
13982,4660,2
13983,4661,0
13984,4661,1
13985,4661,2
13986,4662,0
13987,4662,1
13988,4662,2
13989,4663,0
13990,4663,1
13991,4663,2
13992,4664,0
13993,4664,1
13994,4664,2
13995,4665,0
13996,4665,1
13997,4665,2
13998,4666,0
13999,4666,1
14000,4666,2
14001,4667,0
14002,4667,1
14003,4667,2
14004,4668,0
14005,4668,1
14006,4668,2
14007,4669,0
14008,4669,1
14009,4669,2
14010,4670,0
14011,4670,1
14012,4670,2
14013,4671,0
14014,4671,1
14015,4671,2
14016,4672,0
14017,4672,1
14018,4672,2
14019,4673,0
14020,4673,1
14021,4673,2
14022,4674,0
14023,4674,1
14024,4674,2
14025,4675,0
14026,4675,1
14027,4675,2
14028,4676,0
14029,4676,1
14030,4676,2
14031,4677,0
14032,4677,1
14033,4677,2
14034,4678,0
14035,4678,1
14036,4678,2
14037,4679,0
14038,4679,1
14039,4679,2
14040,4680,0
14041,4680,1
14042,4680,2
14043,4681,0
14044,4681,1
14045,4681,2
14046,4682,0
14047,4682,1
14048,4682,2
14049,4683,0
14050,4683,1
14051,4683,2
14052,4684,0
14053,4684,1
14054,4684,2
14055,4685,0
14056,4685,1
14057,4685,2
14058,4686,0
14059,4686,1
14060,4686,2
14061,4687,0
14062,4687,1
14063,4687,2
14064,4688,0
14065,4688,1
14066,4688,2
14067,4689,0
14068,4689,1
14069,4689,2
14070,4690,0
14071,4690,1
14072,4690,2
14073,4691,0
14074,4691,1
14075,4691,2
14076,4692,0
14077,4692,1
14078,4692,2
14079,4693,0
14080,4693,1
14081,4693,2
14082,4694,0
14083,4694,1
14084,4694,2
14085,4695,0
14086,4695,1
14087,4695,2
14088,4696,0
14089,4696,1
14090,4696,2
14091,4697,0
14092,4697,1
14093,4697,2
14094,4698,0
14095,4698,1
14096,4698,2
14097,4699,0
14098,4699,1
14099,4699,2
14100,4700,0
14101,4700,1
14102,4700,2
14103,4701,0
14104,4701,1
14105,4701,2
14106,4702,0
14107,4702,1
14108,4702,2
14109,4703,0
14110,4703,1
14111,4703,2
14112,4704,0
14113,4704,1
14114,4704,2
14115,4705,0
14116,4705,1
14117,4705,2
14118,4706,0
14119,4706,1
14120,4706,2
14121,4707,0
14122,4707,1
14123,4707,2
14124,4708,0
14125,4708,1
14126,4708,2
14127,4709,0
14128,4709,1
14129,4709,2
14130,4710,0
14131,4710,1
14132,4710,2
14133,4711,0
14134,4711,1
14135,4711,2
14136,4712,0
14137,4712,1
14138,4712,2
14139,4713,0
14140,4713,1
14141,4713,2
14142,4714,0
14143,4714,1
14144,4714,2
14145,4715,0
14146,4715,1
14147,4715,2
14148,4716,0
14149,4716,1
14150,4716,2
14151,4717,0
14152,4717,1
14153,4717,2
14154,4718,0
14155,4718,1
14156,4718,2
14157,4719,0
14158,4719,1
14159,4719,2
14160,4720,0
14161,4720,1
14162,4720,2
14163,4721,0
14164,4721,1
14165,4721,2
14166,4722,0
14167,4722,1
14168,4722,2
14169,4723,0
14170,4723,1
14171,4723,2
14172,4724,0
14173,4724,1
14174,4724,2
14175,4725,0
14176,4725,1
14177,4725,2
14178,4726,0
14179,4726,1
14180,4726,2
14181,4727,0
14182,4727,1
14183,4727,2
14184,4728,0
14185,4728,1
14186,4728,2
14187,4729,0
14188,4729,1
14189,4729,2
14190,4730,0
14191,4730,1
14192,4730,2
14193,4731,0
14194,4731,1
14195,4731,2
14196,4732,0
14197,4732,1
14198,4732,2
14199,4733,0
14200,4733,1
14201,4733,2
14202,4734,0
14203,4734,1
14204,4734,2
14205,4735,0
14206,4735,1
14207,4735,2
14208,4736,0
14209,4736,1
14210,4736,2
14211,4737,0
14212,4737,1
14213,4737,2
14214,4738,0
14215,4738,1
14216,4738,2
14217,4739,0
14218,4739,1
14219,4739,2
14220,4740,0
14221,4740,1
14222,4740,2
14223,4741,0
14224,4741,1
14225,4741,2
14226,4742,0
14227,4742,1
14228,4742,2
14229,4743,0
14230,4743,1
14231,4743,2
14232,4744,0
14233,4744,1
14234,4744,2
14235,4745,0
14236,4745,1
14237,4745,2
14238,4746,0
14239,4746,1
14240,4746,2
14241,4747,0
14242,4747,1
14243,4747,2
14244,4748,0
14245,4748,1
14246,4748,2
14247,4749,0
14248,4749,1
14249,4749,2
14250,4750,0
14251,4750,1
14252,4750,2
14253,4751,0
14254,4751,1
14255,4751,2
14256,4752,0
14257,4752,1
14258,4752,2
14259,4753,0
14260,4753,1
14261,4753,2
14262,4754,0
14263,4754,1
14264,4754,2
14265,4755,0
14266,4755,1
14267,4755,2
14268,4756,0
14269,4756,1
14270,4756,2
14271,4757,0
14272,4757,1
14273,4757,2
14274,4758,0
14275,4758,1
14276,4758,2
14277,4759,0
14278,4759,1
14279,4759,2
14280,4760,0
14281,4760,1
14282,4760,2
14283,4761,0
14284,4761,1
14285,4761,2
14286,4762,0
14287,4762,1
14288,4762,2
14289,4763,0
14290,4763,1
14291,4763,2
14292,4764,0
14293,4764,1
14294,4764,2
14295,4765,0
14296,4765,1
14297,4765,2
14298,4766,0
14299,4766,1
14300,4766,2
14301,4767,0
14302,4767,1
14303,4767,2
14304,4768,0
14305,4768,1
14306,4768,2
14307,4769,0
14308,4769,1
14309,4769,2
14310,4770,0
14311,4770,1
14312,4770,2
14313,4771,0
14314,4771,1
14315,4771,2
14316,4772,0
14317,4772,1
14318,4772,2
14319,4773,0
14320,4773,1
14321,4773,2
14322,4774,0
14323,4774,1
14324,4774,2
14325,4775,0
14326,4775,1
14327,4775,2
14328,4776,0
14329,4776,1
14330,4776,2
14331,4777,0
14332,4777,1
14333,4777,2
14334,4778,0
14335,4778,1
14336,4778,2
14337,4779,0
14338,4779,1
14339,4779,2
14340,4780,0
14341,4780,1
14342,4780,2
14343,4781,0
14344,4781,1
14345,4781,2
14346,4782,0
14347,4782,1
14348,4782,2
14349,4783,0
14350,4783,1
14351,4783,2
14352,4784,0
14353,4784,1
14354,4784,2
14355,4785,0
14356,4785,1
14357,4785,2
14358,4786,0
14359,4786,1
14360,4786,2
14361,4787,0
14362,4787,1
14363,4787,2
14364,4788,0
14365,4788,1
14366,4788,2
14367,4789,0
14368,4789,1
14369,4789,2
14370,4790,0
14371,4790,1
14372,4790,2
14373,4791,0
14374,4791,1
14375,4791,2
14376,4792,0
14377,4792,1
14378,4792,2
14379,4793,0
14380,4793,1
14381,4793,2
14382,4794,0
14383,4794,1
14384,4794,2
14385,4795,0
14386,4795,1
14387,4795,2
14388,4796,0
14389,4796,1
14390,4796,2
14391,4797,0
14392,4797,1
14393,4797,2
14394,4798,0
14395,4798,1
14396,4798,2
14397,4799,0
14398,4799,1
14399,4799,2
14400,4800,0
14401,4800,1
14402,4800,2
14403,4801,0
14404,4801,1
14405,4801,2
14406,4802,0
14407,4802,1
14408,4802,2
14409,4803,0
14410,4803,1
14411,4803,2
14412,4804,0
14413,4804,1
14414,4804,2
14415,4805,0
14416,4805,1
14417,4805,2
14418,4806,0
14419,4806,1
14420,4806,2
14421,4807,0
14422,4807,1
14423,4807,2
14424,4808,0
14425,4808,1
14426,4808,2
14427,4809,0
14428,4809,1
14429,4809,2
14430,4810,0
14431,4810,1
14432,4810,2
14433,4811,0
14434,4811,1
14435,4811,2
14436,4812,0
14437,4812,1
14438,4812,2
14439,4813,0
14440,4813,1
14441,4813,2
14442,4814,0
14443,4814,1
14444,4814,2
14445,4815,0
14446,4815,1
14447,4815,2
14448,4816,0
14449,4816,1
14450,4816,2
14451,4817,0
14452,4817,1
14453,4817,2
14454,4818,0
14455,4818,1
14456,4818,2
14457,4819,0
14458,4819,1
14459,4819,2
14460,4820,0
14461,4820,1
14462,4820,2
14463,4821,0
14464,4821,1
14465,4821,2
14466,4822,0
14467,4822,1
14468,4822,2
14469,4823,0
14470,4823,1
14471,4823,2
14472,4824,0
14473,4824,1
14474,4824,2
14475,4825,0
14476,4825,1
14477,4825,2
14478,4826,0
14479,4826,1
14480,4826,2
14481,4827,0
14482,4827,1
14483,4827,2
14484,4828,0
14485,4828,1
14486,4828,2
14487,4829,0
14488,4829,1
14489,4829,2
14490,4830,0
14491,4830,1
14492,4830,2
14493,4831,0
14494,4831,1
14495,4831,2
14496,4832,0
14497,4832,1
14498,4832,2
14499,4833,0
14500,4833,1
14501,4833,2
14502,4834,0
14503,4834,1
14504,4834,2
14505,4835,0
14506,4835,1
14507,4835,2
14508,4836,0
14509,4836,1
14510,4836,2
14511,4837,0
14512,4837,1
14513,4837,2
14514,4838,0
14515,4838,1
14516,4838,2
14517,4839,0
14518,4839,1
14519,4839,2
14520,4840,0
14521,4840,1
14522,4840,2
14523,4841,0
14524,4841,1
14525,4841,2
14526,4842,0
14527,4842,1
14528,4842,2
14529,4843,0
14530,4843,1
14531,4843,2
14532,4844,0
14533,4844,1
14534,4844,2
14535,4845,0
14536,4845,1
14537,4845,2
14538,4846,0
14539,4846,1
14540,4846,2
14541,4847,0
14542,4847,1
14543,4847,2
14544,4848,0
14545,4848,1
14546,4848,2
14547,4849,0
14548,4849,1
14549,4849,2
14550,4850,0
14551,4850,1
14552,4850,2
14553,4851,0
14554,4851,1
14555,4851,2
14556,4852,0
14557,4852,1
14558,4852,2
14559,4853,0
14560,4853,1
14561,4853,2
14562,4854,0
14563,4854,1
14564,4854,2
14565,4855,0
14566,4855,1
14567,4855,2
14568,4856,0
14569,4856,1
14570,4856,2
14571,4857,0
14572,4857,1
14573,4857,2
14574,4858,0
14575,4858,1
14576,4858,2
14577,4859,0
14578,4859,1
14579,4859,2
14580,4860,0
14581,4860,1
14582,4860,2
14583,4861,0
14584,4861,1
14585,4861,2
14586,4862,0
14587,4862,1
14588,4862,2
14589,4863,0
14590,4863,1
14591,4863,2
14592,4864,0
14593,4864,1
14594,4864,2
14595,4865,0
14596,4865,1
14597,4865,2
14598,4866,0
14599,4866,1
14600,4866,2
14601,4867,0
14602,4867,1
14603,4867,2
14604,4868,0
14605,4868,1
14606,4868,2
14607,4869,0
14608,4869,1
14609,4869,2
14610,4870,0
14611,4870,1
14612,4870,2
14613,4871,0
14614,4871,1
14615,4871,2
14616,4872,0
14617,4872,1
14618,4872,2
14619,4873,0
14620,4873,1
14621,4873,2
14622,4874,0
14623,4874,1
14624,4874,2
14625,4875,0
14626,4875,1
14627,4875,2
14628,4876,0
14629,4876,1
14630,4876,2
14631,4877,0
14632,4877,1
14633,4877,2
14634,4878,0
14635,4878,1
14636,4878,2
14637,4879,0
14638,4879,1
14639,4879,2
14640,4880,0
14641,4880,1
14642,4880,2
14643,4881,0
14644,4881,1
14645,4881,2
14646,4882,0
14647,4882,1
14648,4882,2
14649,4883,0
14650,4883,1
14651,4883,2
14652,4884,0
14653,4884,1
14654,4884,2
14655,4885,0
14656,4885,1
14657,4885,2
14658,4886,0
14659,4886,1
14660,4886,2
14661,4887,0
14662,4887,1
14663,4887,2
14664,4888,0
14665,4888,1
14666,4888,2
14667,4889,0
14668,4889,1
14669,4889,2
14670,4890,0
14671,4890,1
14672,4890,2
14673,4891,0
14674,4891,1
14675,4891,2
14676,4892,0
14677,4892,1
14678,4892,2
14679,4893,0
14680,4893,1
14681,4893,2
14682,4894,0
14683,4894,1
14684,4894,2
14685,4895,0
14686,4895,1
14687,4895,2
14688,4896,0
14689,4896,1
14690,4896,2
14691,4897,0
14692,4897,1
14693,4897,2
14694,4898,0
14695,4898,1
14696,4898,2
14697,4899,0
14698,4899,1
14699,4899,2
14700,4900,0
14701,4900,1
14702,4900,2
14703,4901,0
14704,4901,1
14705,4901,2
14706,4902,0
14707,4902,1
14708,4902,2
14709,4903,0
14710,4903,1
14711,4903,2
14712,4904,0
14713,4904,1
14714,4904,2
14715,4905,0
14716,4905,1
14717,4905,2
14718,4906,0
14719,4906,1
14720,4906,2
14721,4907,0
14722,4907,1
14723,4907,2
14724,4908,0
14725,4908,1
14726,4908,2
14727,4909,0
14728,4909,1
14729,4909,2
14730,4910,0
14731,4910,1
14732,4910,2
14733,4911,0
14734,4911,1
14735,4911,2
14736,4912,0
14737,4912,1
14738,4912,2
14739,4913,0
14740,4913,1
14741,4913,2
14742,4914,0
14743,4914,1
14744,4914,2
14745,4915,0
14746,4915,1
14747,4915,2
14748,4916,0
14749,4916,1
14750,4916,2
14751,4917,0
14752,4917,1
14753,4917,2
14754,4918,0
14755,4918,1
14756,4918,2
14757,4919,0
14758,4919,1
14759,4919,2
14760,4920,0
14761,4920,1
14762,4920,2
14763,4921,0
14764,4921,1
14765,4921,2
14766,4922,0
14767,4922,1
14768,4922,2
14769,4923,0
14770,4923,1
14771,4923,2
14772,4924,0
14773,4924,1
14774,4924,2
14775,4925,0
14776,4925,1
14777,4925,2
14778,4926,0
14779,4926,1
14780,4926,2
14781,4927,0
14782,4927,1
14783,4927,2
14784,4928,0
14785,4928,1
14786,4928,2
14787,4929,0
14788,4929,1
14789,4929,2
14790,4930,0
14791,4930,1
14792,4930,2
14793,4931,0
14794,4931,1
14795,4931,2
14796,4932,0
14797,4932,1
14798,4932,2
14799,4933,0
14800,4933,1
14801,4933,2
14802,4934,0
14803,4934,1
14804,4934,2
14805,4935,0
14806,4935,1
14807,4935,2
14808,4936,0
14809,4936,1
14810,4936,2
14811,4937,0
14812,4937,1
14813,4937,2
14814,4938,0
14815,4938,1
14816,4938,2
14817,4939,0
14818,4939,1
14819,4939,2
14820,4940,0
14821,4940,1
14822,4940,2
14823,4941,0
14824,4941,1
14825,4941,2
14826,4942,0
14827,4942,1
14828,4942,2
14829,4943,0
14830,4943,1
14831,4943,2
14832,4944,0
14833,4944,1
14834,4944,2
14835,4945,0
14836,4945,1
14837,4945,2
14838,4946,0
14839,4946,1
14840,4946,2
14841,4947,0
14842,4947,1
14843,4947,2
14844,4948,0
14845,4948,1
14846,4948,2
14847,4949,0
14848,4949,1
14849,4949,2
14850,4950,0
14851,4950,1
14852,4950,2
14853,4951,0
14854,4951,1
14855,4951,2
14856,4952,0
14857,4952,1
14858,4952,2
14859,4953,0
14860,4953,1
14861,4953,2
14862,4954,0
14863,4954,1
14864,4954,2
14865,4955,0
14866,4955,1
14867,4955,2
14868,4956,0
14869,4956,1
14870,4956,2
14871,4957,0
14872,4957,1
14873,4957,2
14874,4958,0
14875,4958,1
14876,4958,2
14877,4959,0
14878,4959,1
14879,4959,2
14880,4960,0
14881,4960,1
14882,4960,2
14883,4961,0
14884,4961,1
14885,4961,2
14886,4962,0
14887,4962,1
14888,4962,2
14889,4963,0
14890,4963,1
14891,4963,2
14892,4964,0
14893,4964,1
14894,4964,2
14895,4965,0
14896,4965,1
14897,4965,2
14898,4966,0
14899,4966,1
14900,4966,2
14901,4967,0
14902,4967,1
14903,4967,2
14904,4968,0
14905,4968,1
14906,4968,2
14907,4969,0
14908,4969,1
14909,4969,2
14910,4970,0
14911,4970,1
14912,4970,2
14913,4971,0
14914,4971,1
14915,4971,2
14916,4972,0
14917,4972,1
14918,4972,2
14919,4973,0
14920,4973,1
14921,4973,2
14922,4974,0
14923,4974,1
14924,4974,2
14925,4975,0
14926,4975,1
14927,4975,2
14928,4976,0
14929,4976,1
14930,4976,2
14931,4977,0
14932,4977,1
14933,4977,2
14934,4978,0
14935,4978,1
14936,4978,2
14937,4979,0
14938,4979,1
14939,4979,2
14940,4980,0
14941,4980,1
14942,4980,2
14943,4981,0
14944,4981,1
14945,4981,2
14946,4982,0
14947,4982,1
14948,4982,2
14949,4983,0
14950,4983,1
14951,4983,2
14952,4984,0
14953,4984,1
14954,4984,2
14955,4985,0
14956,4985,1
14957,4985,2
14958,4986,0
14959,4986,1
14960,4986,2
14961,4987,0
14962,4987,1
14963,4987,2
14964,4988,0
14965,4988,1
14966,4988,2
14967,4989,0
14968,4989,1
14969,4989,2
14970,4990,0
14971,4990,1
14972,4990,2
14973,4991,0
14974,4991,1
14975,4991,2
14976,4992,0
14977,4992,1
14978,4992,2
14979,4993,0
14980,4993,1
14981,4993,2
14982,4994,0
14983,4994,1
14984,4994,2
14985,4995,0
14986,4995,1
14987,4995,2
14988,4996,0
14989,4996,1
14990,4996,2
14991,4997,0
14992,4997,1
14993,4997,2
14994,4998,0
14995,4998,1
14996,4998,2
14997,4999,0
14998,4999,1
14999,4999,2
15000,5000,0
15001,5000,1
15002,5000,2
15003,5001,0
15004,5001,1
15005,5001,2
15006,5002,0
15007,5002,1
15008,5002,2
15009,5003,0
15010,5003,1
15011,5003,2
15012,5004,0
15013,5004,1
15014,5004,2
15015,5005,0
15016,5005,1
15017,5005,2
15018,5006,0
15019,5006,1
15020,5006,2
15021,5007,0
15022,5007,1
15023,5007,2
15024,5008,0
15025,5008,1
15026,5008,2
15027,5009,0
15028,5009,1
15029,5009,2
15030,5010,0
15031,5010,1
15032,5010,2
15033,5011,0
15034,5011,1
15035,5011,2
15036,5012,0
15037,5012,1
15038,5012,2
15039,5013,0
15040,5013,1
15041,5013,2
15042,5014,0
15043,5014,1
15044,5014,2
15045,5015,0
15046,5015,1
15047,5015,2
15048,5016,0
15049,5016,1
15050,5016,2
15051,5017,0
15052,5017,1
15053,5017,2
15054,5018,0
15055,5018,1
15056,5018,2
15057,5019,0
15058,5019,1
15059,5019,2
15060,5020,0
15061,5020,1
15062,5020,2
15063,5021,0
15064,5021,1
15065,5021,2
15066,5022,0
15067,5022,1
15068,5022,2
15069,5023,0
15070,5023,1
15071,5023,2
15072,5024,0
15073,5024,1
15074,5024,2
15075,5025,0
15076,5025,1
15077,5025,2
15078,5026,0
15079,5026,1
15080,5026,2
15081,5027,0
15082,5027,1
15083,5027,2
15084,5028,0
15085,5028,1
15086,5028,2
15087,5029,0
15088,5029,1
15089,5029,2
15090,5030,0
15091,5030,1
15092,5030,2
15093,5031,0
15094,5031,1
15095,5031,2
15096,5032,0
15097,5032,1
15098,5032,2
15099,5033,0
15100,5033,1
15101,5033,2
15102,5034,0
15103,5034,1
15104,5034,2
15105,5035,0
15106,5035,1
15107,5035,2
15108,5036,0
15109,5036,1
15110,5036,2
15111,5037,0
15112,5037,1
15113,5037,2
15114,5038,0
15115,5038,1
15116,5038,2
15117,5039,0
15118,5039,1
15119,5039,2
15120,5040,0
15121,5040,1
15122,5040,2
15123,5041,0
15124,5041,1
15125,5041,2
15126,5042,0
15127,5042,1
15128,5042,2
15129,5043,0
15130,5043,1
15131,5043,2
15132,5044,0
15133,5044,1
15134,5044,2
15135,5045,0
15136,5045,1
15137,5045,2
15138,5046,0
15139,5046,1
15140,5046,2
15141,5047,0
15142,5047,1
15143,5047,2
15144,5048,0
15145,5048,1
15146,5048,2
15147,5049,0
15148,5049,1
15149,5049,2
15150,5050,0
15151,5050,1
15152,5050,2
15153,5051,0
15154,5051,1
15155,5051,2
15156,5052,0
15157,5052,1
15158,5052,2
15159,5053,0
15160,5053,1
15161,5053,2
15162,5054,0
15163,5054,1
15164,5054,2
15165,5055,0
15166,5055,1
15167,5055,2
15168,5056,0
15169,5056,1
15170,5056,2
15171,5057,0
15172,5057,1
15173,5057,2
15174,5058,0
15175,5058,1
15176,5058,2
15177,5059,0
15178,5059,1
15179,5059,2
15180,5060,0
15181,5060,1
15182,5060,2
15183,5061,0
15184,5061,1
15185,5061,2
15186,5062,0
15187,5062,1
15188,5062,2
15189,5063,0
15190,5063,1
15191,5063,2
15192,5064,0
15193,5064,1
15194,5064,2
15195,5065,0
15196,5065,1
15197,5065,2
15198,5066,0
15199,5066,1
15200,5066,2
15201,5067,0
15202,5067,1
15203,5067,2
15204,5068,0
15205,5068,1
15206,5068,2
15207,5069,0
15208,5069,1
15209,5069,2
15210,5070,0
15211,5070,1
15212,5070,2
15213,5071,0
15214,5071,1
15215,5071,2
15216,5072,0
15217,5072,1
15218,5072,2
15219,5073,0
15220,5073,1
15221,5073,2
15222,5074,0
15223,5074,1
15224,5074,2
15225,5075,0
15226,5075,1
15227,5075,2
15228,5076,0
15229,5076,1
15230,5076,2
15231,5077,0
15232,5077,1
15233,5077,2
15234,5078,0
15235,5078,1
15236,5078,2
15237,5079,0
15238,5079,1
15239,5079,2
15240,5080,0
15241,5080,1
15242,5080,2
15243,5081,0
15244,5081,1
15245,5081,2
15246,5082,0
15247,5082,1
15248,5082,2
15249,5083,0
15250,5083,1
15251,5083,2
15252,5084,0
15253,5084,1
15254,5084,2
15255,5085,0
15256,5085,1
15257,5085,2
15258,5086,0
15259,5086,1
15260,5086,2
15261,5087,0
15262,5087,1
15263,5087,2
15264,5088,0
15265,5088,1
15266,5088,2
15267,5089,0
15268,5089,1
15269,5089,2
15270,5090,0
15271,5090,1
15272,5090,2
15273,5091,0
15274,5091,1
15275,5091,2
15276,5092,0
15277,5092,1
15278,5092,2
15279,5093,0
15280,5093,1
15281,5093,2
15282,5094,0
15283,5094,1
15284,5094,2
15285,5095,0
15286,5095,1
15287,5095,2
15288,5096,0
15289,5096,1
15290,5096,2
15291,5097,0
15292,5097,1
15293,5097,2
15294,5098,0
15295,5098,1
15296,5098,2
15297,5099,0
15298,5099,1
15299,5099,2
15300,5100,0
15301,5100,1
15302,5100,2
15303,5101,0
15304,5101,1
15305,5101,2
15306,5102,0
15307,5102,1
15308,5102,2
15309,5103,0
15310,5103,1
15311,5103,2
15312,5104,0
15313,5104,1
15314,5104,2
15315,5105,0
15316,5105,1
15317,5105,2
15318,5106,0
15319,5106,1
15320,5106,2
15321,5107,0
15322,5107,1
15323,5107,2
15324,5108,0
15325,5108,1
15326,5108,2
15327,5109,0
15328,5109,1
15329,5109,2
15330,5110,0
15331,5110,1
15332,5110,2
15333,5111,0
15334,5111,1
15335,5111,2
15336,5112,0
15337,5112,1
15338,5112,2
15339,5113,0
15340,5113,1
15341,5113,2
15342,5114,0
15343,5114,1
15344,5114,2
15345,5115,0
15346,5115,1
15347,5115,2
15348,5116,0
15349,5116,1
15350,5116,2
15351,5117,0
15352,5117,1
15353,5117,2
15354,5118,0
15355,5118,1
15356,5118,2
15357,5119,0
15358,5119,1
15359,5119,2
15360,5120,0
15361,5120,1
15362,5120,2
15363,5121,0
15364,5121,1
15365,5121,2
15366,5122,0
15367,5122,1
15368,5122,2
15369,5123,0
15370,5123,1
15371,5123,2
15372,5124,0
15373,5124,1
15374,5124,2
15375,5125,0
15376,5125,1
15377,5125,2
15378,5126,0
15379,5126,1
15380,5126,2
15381,5127,0
15382,5127,1
15383,5127,2
15384,5128,0
15385,5128,1
15386,5128,2
15387,5129,0
15388,5129,1
15389,5129,2
15390,5130,0
15391,5130,1
15392,5130,2
15393,5131,0
15394,5131,1
15395,5131,2
15396,5132,0
15397,5132,1
15398,5132,2
15399,5133,0
15400,5133,1
15401,5133,2
15402,5134,0
15403,5134,1
15404,5134,2
15405,5135,0
15406,5135,1
15407,5135,2
15408,5136,0
15409,5136,1
15410,5136,2
15411,5137,0
15412,5137,1
15413,5137,2
15414,5138,0
15415,5138,1
15416,5138,2
15417,5139,0
15418,5139,1
15419,5139,2
15420,5140,0
15421,5140,1
15422,5140,2
15423,5141,0
15424,5141,1
15425,5141,2
15426,5142,0
15427,5142,1
15428,5142,2
15429,5143,0
15430,5143,1
15431,5143,2
15432,5144,0
15433,5144,1
15434,5144,2
15435,5145,0
15436,5145,1
15437,5145,2
15438,5146,0
15439,5146,1
15440,5146,2
15441,5147,0
15442,5147,1
15443,5147,2
15444,5148,0
15445,5148,1
15446,5148,2
15447,5149,0
15448,5149,1
15449,5149,2
15450,5150,0
15451,5150,1
15452,5150,2
15453,5151,0
15454,5151,1
15455,5151,2
15456,5152,0
15457,5152,1
15458,5152,2
15459,5153,0
15460,5153,1
15461,5153,2
15462,5154,0
15463,5154,1
15464,5154,2
15465,5155,0
15466,5155,1
15467,5155,2
15468,5156,0
15469,5156,1
15470,5156,2
15471,5157,0
15472,5157,1
15473,5157,2
15474,5158,0
15475,5158,1
15476,5158,2
15477,5159,0
15478,5159,1
15479,5159,2
15480,5160,0
15481,5160,1
15482,5160,2
15483,5161,0
15484,5161,1
15485,5161,2
15486,5162,0
15487,5162,1
15488,5162,2
15489,5163,0
15490,5163,1
15491,5163,2
15492,5164,0
15493,5164,1
15494,5164,2
15495,5165,0
15496,5165,1
15497,5165,2
15498,5166,0
15499,5166,1
15500,5166,2
15501,5167,0
15502,5167,1
15503,5167,2
15504,5168,0
15505,5168,1
15506,5168,2
15507,5169,0
15508,5169,1
15509,5169,2
15510,5170,0
15511,5170,1
15512,5170,2
15513,5171,0
15514,5171,1
15515,5171,2
15516,5172,0
15517,5172,1
15518,5172,2
15519,5173,0
15520,5173,1
15521,5173,2
15522,5174,0
15523,5174,1
15524,5174,2
15525,5175,0
15526,5175,1
15527,5175,2
15528,5176,0
15529,5176,1
15530,5176,2
15531,5177,0
15532,5177,1
15533,5177,2
15534,5178,0
15535,5178,1
15536,5178,2
15537,5179,0
15538,5179,1
15539,5179,2
15540,5180,0
15541,5180,1
15542,5180,2
15543,5181,0
15544,5181,1
15545,5181,2
15546,5182,0
15547,5182,1
15548,5182,2
15549,5183,0
15550,5183,1
15551,5183,2
15552,5184,0
15553,5184,1
15554,5184,2
15555,5185,0
15556,5185,1
15557,5185,2
15558,5186,0
15559,5186,1
15560,5186,2
15561,5187,0
15562,5187,1
15563,5187,2
15564,5188,0
15565,5188,1
15566,5188,2
15567,5189,0
15568,5189,1
15569,5189,2
15570,5190,0
15571,5190,1
15572,5190,2
15573,5191,0
15574,5191,1
15575,5191,2
15576,5192,0
15577,5192,1
15578,5192,2
15579,5193,0
15580,5193,1
15581,5193,2
15582,5194,0
15583,5194,1
15584,5194,2
15585,5195,0
15586,5195,1
15587,5195,2
15588,5196,0
15589,5196,1
15590,5196,2
15591,5197,0
15592,5197,1
15593,5197,2
15594,5198,0
15595,5198,1
15596,5198,2
15597,5199,0
15598,5199,1
15599,5199,2
15600,5200,0
15601,5200,1
15602,5200,2
15603,5201,0
15604,5201,1
15605,5201,2
15606,5202,0
15607,5202,1
15608,5202,2
15609,5203,0
15610,5203,1
15611,5203,2
15612,5204,0
15613,5204,1
15614,5204,2
15615,5205,0
15616,5205,1
15617,5205,2
15618,5206,0
15619,5206,1
15620,5206,2
15621,5207,0
15622,5207,1
15623,5207,2
15624,5208,0
15625,5208,1
15626,5208,2
15627,5209,0
15628,5209,1
15629,5209,2
15630,5210,0
15631,5210,1
15632,5210,2
15633,5211,0
15634,5211,1
15635,5211,2
15636,5212,0
15637,5212,1
15638,5212,2
15639,5213,0
15640,5213,1
15641,5213,2
15642,5214,0
15643,5214,1
15644,5214,2
15645,5215,0
15646,5215,1
15647,5215,2
15648,5216,0
15649,5216,1
15650,5216,2
15651,5217,0
15652,5217,1
15653,5217,2
15654,5218,0
15655,5218,1
15656,5218,2
15657,5219,0
15658,5219,1
15659,5219,2
15660,5220,0
15661,5220,1
15662,5220,2
15663,5221,0
15664,5221,1
15665,5221,2
15666,5222,0
15667,5222,1
15668,5222,2
15669,5223,0
15670,5223,1
15671,5223,2
15672,5224,0
15673,5224,1
15674,5224,2
15675,5225,0
15676,5225,1
15677,5225,2
15678,5226,0
15679,5226,1
15680,5226,2
15681,5227,0
15682,5227,1
15683,5227,2
15684,5228,0
15685,5228,1
15686,5228,2
15687,5229,0
15688,5229,1
15689,5229,2
15690,5230,0
15691,5230,1
15692,5230,2
15693,5231,0
15694,5231,1
15695,5231,2
15696,5232,0
15697,5232,1
15698,5232,2
15699,5233,0
15700,5233,1
15701,5233,2
15702,5234,0
15703,5234,1
15704,5234,2
15705,5235,0
15706,5235,1
15707,5235,2
15708,5236,0
15709,5236,1
15710,5236,2
15711,5237,0
15712,5237,1
15713,5237,2
15714,5238,0
15715,5238,1
15716,5238,2
15717,5239,0
15718,5239,1
15719,5239,2
15720,5240,0
15721,5240,1
15722,5240,2
15723,5241,0
15724,5241,1
15725,5241,2
15726,5242,0
15727,5242,1
15728,5242,2
15729,5243,0
15730,5243,1
15731,5243,2
15732,5244,0
15733,5244,1
15734,5244,2
15735,5245,0
15736,5245,1
15737,5245,2
15738,5246,0
15739,5246,1
15740,5246,2
15741,5247,0
15742,5247,1
15743,5247,2
15744,5248,0
15745,5248,1
15746,5248,2
15747,5249,0
15748,5249,1
15749,5249,2
15750,5250,0
15751,5250,1
15752,5250,2
15753,5251,0
15754,5251,1
15755,5251,2
15756,5252,0
15757,5252,1
15758,5252,2
15759,5253,0
15760,5253,1
15761,5253,2
15762,5254,0
15763,5254,1
15764,5254,2
15765,5255,0
15766,5255,1
15767,5255,2
15768,5256,0
15769,5256,1
15770,5256,2
15771,5257,0
15772,5257,1
15773,5257,2
15774,5258,0
15775,5258,1
15776,5258,2
15777,5259,0
15778,5259,1
15779,5259,2
15780,5260,0
15781,5260,1
15782,5260,2
15783,5261,0
15784,5261,1
15785,5261,2
15786,5262,0
15787,5262,1
15788,5262,2
15789,5263,0
15790,5263,1
15791,5263,2
15792,5264,0
15793,5264,1
15794,5264,2
15795,5265,0
15796,5265,1
15797,5265,2
15798,5266,0
15799,5266,1
15800,5266,2
15801,5267,0
15802,5267,1
15803,5267,2
15804,5268,0
15805,5268,1
15806,5268,2
15807,5269,0
15808,5269,1
15809,5269,2
15810,5270,0
15811,5270,1
15812,5270,2
15813,5271,0
15814,5271,1
15815,5271,2
15816,5272,0
15817,5272,1
15818,5272,2
15819,5273,0
15820,5273,1
15821,5273,2
15822,5274,0
15823,5274,1
15824,5274,2
15825,5275,0
15826,5275,1
15827,5275,2
15828,5276,0
15829,5276,1
15830,5276,2
15831,5277,0
15832,5277,1
15833,5277,2
15834,5278,0
15835,5278,1
15836,5278,2
15837,5279,0
15838,5279,1
15839,5279,2
15840,5280,0
15841,5280,1
15842,5280,2
15843,5281,0
15844,5281,1
15845,5281,2
15846,5282,0
15847,5282,1
15848,5282,2
15849,5283,0
15850,5283,1
15851,5283,2
15852,5284,0
15853,5284,1
15854,5284,2
15855,5285,0
15856,5285,1
15857,5285,2
15858,5286,0
15859,5286,1
15860,5286,2
15861,5287,0
15862,5287,1
15863,5287,2
15864,5288,0
15865,5288,1
15866,5288,2
15867,5289,0
15868,5289,1
15869,5289,2
15870,5290,0
15871,5290,1
15872,5290,2
15873,5291,0
15874,5291,1
15875,5291,2
15876,5292,0
15877,5292,1
15878,5292,2
15879,5293,0
15880,5293,1
15881,5293,2
15882,5294,0
15883,5294,1
15884,5294,2
15885,5295,0
15886,5295,1
15887,5295,2
15888,5296,0
15889,5296,1
15890,5296,2
15891,5297,0
15892,5297,1
15893,5297,2
15894,5298,0
15895,5298,1
15896,5298,2
15897,5299,0
15898,5299,1
15899,5299,2
15900,5300,0
15901,5300,1
15902,5300,2
15903,5301,0
15904,5301,1
15905,5301,2
15906,5302,0
15907,5302,1
15908,5302,2
15909,5303,0
15910,5303,1
15911,5303,2
15912,5304,0
15913,5304,1
15914,5304,2
15915,5305,0
15916,5305,1
15917,5305,2
15918,5306,0
15919,5306,1
15920,5306,2
15921,5307,0
15922,5307,1
15923,5307,2
15924,5308,0
15925,5308,1
15926,5308,2
15927,5309,0
15928,5309,1
15929,5309,2
15930,5310,0
15931,5310,1
15932,5310,2
15933,5311,0
15934,5311,1
15935,5311,2
15936,5312,0
15937,5312,1
15938,5312,2
15939,5313,0
15940,5313,1
15941,5313,2
15942,5314,0
15943,5314,1
15944,5314,2
15945,5315,0
15946,5315,1
15947,5315,2
15948,5316,0
15949,5316,1
15950,5316,2
15951,5317,0
15952,5317,1
15953,5317,2
15954,5318,0
15955,5318,1
15956,5318,2
15957,5319,0
15958,5319,1
15959,5319,2
15960,5320,0
15961,5320,1
15962,5320,2
15963,5321,0
15964,5321,1
15965,5321,2
15966,5322,0
15967,5322,1
15968,5322,2
15969,5323,0
15970,5323,1
15971,5323,2
15972,5324,0
15973,5324,1
15974,5324,2
15975,5325,0
15976,5325,1
15977,5325,2
15978,5326,0
15979,5326,1
15980,5326,2
15981,5327,0
15982,5327,1
15983,5327,2
15984,5328,0
15985,5328,1
15986,5328,2
15987,5329,0
15988,5329,1
15989,5329,2
15990,5330,0
15991,5330,1
15992,5330,2
15993,5331,0
15994,5331,1
15995,5331,2
15996,5332,0
15997,5332,1
15998,5332,2
15999,5333,0
16000,5333,1
16001,5333,2
16002,5334,0
16003,5334,1
16004,5334,2
16005,5335,0
16006,5335,1
16007,5335,2
16008,5336,0
16009,5336,1
16010,5336,2
16011,5337,0
16012,5337,1
16013,5337,2
16014,5338,0
16015,5338,1
16016,5338,2
16017,5339,0
16018,5339,1
16019,5339,2
16020,5340,0
16021,5340,1
16022,5340,2
16023,5341,0
16024,5341,1
16025,5341,2
16026,5342,0
16027,5342,1
16028,5342,2
16029,5343,0
16030,5343,1
16031,5343,2
16032,5344,0
16033,5344,1
16034,5344,2
16035,5345,0
16036,5345,1
16037,5345,2
16038,5346,0
16039,5346,1
16040,5346,2
16041,5347,0
16042,5347,1
16043,5347,2
16044,5348,0
16045,5348,1
16046,5348,2
16047,5349,0
16048,5349,1
16049,5349,2
16050,5350,0
16051,5350,1
16052,5350,2
16053,5351,0
16054,5351,1
16055,5351,2
16056,5352,0
16057,5352,1
16058,5352,2
16059,5353,0
16060,5353,1
16061,5353,2
16062,5354,0
16063,5354,1
16064,5354,2
16065,5355,0
16066,5355,1
16067,5355,2
16068,5356,0
16069,5356,1
16070,5356,2
16071,5357,0
16072,5357,1
16073,5357,2
16074,5358,0
16075,5358,1
16076,5358,2
16077,5359,0
16078,5359,1
16079,5359,2
16080,5360,0
16081,5360,1
16082,5360,2
16083,5361,0
16084,5361,1
16085,5361,2
16086,5362,0
16087,5362,1
16088,5362,2
16089,5363,0
16090,5363,1
16091,5363,2
16092,5364,0
16093,5364,1
16094,5364,2
16095,5365,0
16096,5365,1
16097,5365,2
16098,5366,0
16099,5366,1
16100,5366,2
16101,5367,0
16102,5367,1
16103,5367,2
16104,5368,0
16105,5368,1
16106,5368,2
16107,5369,0
16108,5369,1
16109,5369,2
16110,5370,0
16111,5370,1
16112,5370,2
16113,5371,0
16114,5371,1
16115,5371,2
16116,5372,0
16117,5372,1
16118,5372,2
16119,5373,0
16120,5373,1
16121,5373,2
16122,5374,0
16123,5374,1
16124,5374,2
16125,5375,0
16126,5375,1
16127,5375,2
16128,5376,0
16129,5376,1
16130,5376,2
16131,5377,0
16132,5377,1
16133,5377,2
16134,5378,0
16135,5378,1
16136,5378,2
16137,5379,0
16138,5379,1
16139,5379,2
16140,5380,0
16141,5380,1
16142,5380,2
16143,5381,0
16144,5381,1
16145,5381,2
16146,5382,0
16147,5382,1
16148,5382,2
16149,5383,0
16150,5383,1
16151,5383,2
16152,5384,0
16153,5384,1
16154,5384,2
16155,5385,0
16156,5385,1
16157,5385,2
16158,5386,0
16159,5386,1
16160,5386,2
16161,5387,0
16162,5387,1
16163,5387,2
16164,5388,0
16165,5388,1
16166,5388,2
16167,5389,0
16168,5389,1
16169,5389,2
16170,5390,0
16171,5390,1
16172,5390,2
16173,5391,0
16174,5391,1
16175,5391,2
16176,5392,0
16177,5392,1
16178,5392,2
16179,5393,0
16180,5393,1
16181,5393,2
16182,5394,0
16183,5394,1
16184,5394,2
16185,5395,0
16186,5395,1
16187,5395,2
16188,5396,0
16189,5396,1
16190,5396,2
16191,5397,0
16192,5397,1
16193,5397,2
16194,5398,0
16195,5398,1
16196,5398,2
16197,5399,0
16198,5399,1
16199,5399,2
16200,5400,0
16201,5400,1
16202,5400,2
16203,5401,0
16204,5401,1
16205,5401,2
16206,5402,0
16207,5402,1
16208,5402,2
16209,5403,0
16210,5403,1
16211,5403,2
16212,5404,0
16213,5404,1
16214,5404,2
16215,5405,0
16216,5405,1
16217,5405,2
16218,5406,0
16219,5406,1
16220,5406,2
16221,5407,0
16222,5407,1
16223,5407,2
16224,5408,0
16225,5408,1
16226,5408,2
16227,5409,0
16228,5409,1
16229,5409,2
16230,5410,0
16231,5410,1
16232,5410,2
16233,5411,0
16234,5411,1
16235,5411,2
16236,5412,0
16237,5412,1
16238,5412,2
16239,5413,0
16240,5413,1
16241,5413,2
16242,5414,0
16243,5414,1
16244,5414,2
16245,5415,0
16246,5415,1
16247,5415,2
16248,5416,0
16249,5416,1
16250,5416,2
16251,5417,0
16252,5417,1
16253,5417,2
16254,5418,0
16255,5418,1
16256,5418,2
16257,5419,0
16258,5419,1
16259,5419,2
16260,5420,0
16261,5420,1
16262,5420,2
16263,5421,0
16264,5421,1
16265,5421,2
16266,5422,0
16267,5422,1
16268,5422,2
16269,5423,0
16270,5423,1
16271,5423,2
16272,5424,0
16273,5424,1
16274,5424,2
16275,5425,0
16276,5425,1
16277,5425,2
16278,5426,0
16279,5426,1
16280,5426,2
16281,5427,0
16282,5427,1
16283,5427,2
16284,5428,0
16285,5428,1
16286,5428,2
16287,5429,0
16288,5429,1
16289,5429,2
16290,5430,0
16291,5430,1
16292,5430,2
16293,5431,0
16294,5431,1
16295,5431,2
16296,5432,0
16297,5432,1
16298,5432,2
16299,5433,0
16300,5433,1
16301,5433,2
16302,5434,0
16303,5434,1
16304,5434,2
16305,5435,0
16306,5435,1
16307,5435,2
16308,5436,0
16309,5436,1
16310,5436,2
16311,5437,0
16312,5437,1
16313,5437,2
16314,5438,0
16315,5438,1
16316,5438,2
16317,5439,0
16318,5439,1
16319,5439,2
16320,5440,0
16321,5440,1
16322,5440,2
16323,5441,0
16324,5441,1
16325,5441,2
16326,5442,0
16327,5442,1
16328,5442,2
16329,5443,0
16330,5443,1
16331,5443,2
16332,5444,0
16333,5444,1
16334,5444,2
16335,5445,0
16336,5445,1
16337,5445,2
16338,5446,0
16339,5446,1
16340,5446,2
16341,5447,0
16342,5447,1
16343,5447,2
16344,5448,0
16345,5448,1
16346,5448,2
16347,5449,0
16348,5449,1
16349,5449,2
16350,5450,0
16351,5450,1
16352,5450,2
16353,5451,0
16354,5451,1
16355,5451,2
16356,5452,0
16357,5452,1
16358,5452,2
16359,5453,0
16360,5453,1
16361,5453,2
16362,5454,0
16363,5454,1
16364,5454,2
16365,5455,0
16366,5455,1
16367,5455,2
16368,5456,0
16369,5456,1
16370,5456,2
16371,5457,0
16372,5457,1
16373,5457,2
16374,5458,0
16375,5458,1
16376,5458,2
16377,5459,0
16378,5459,1
16379,5459,2
16380,5460,0
16381,5460,1
16382,5460,2
16383,5461,0
16384,5461,1
16385,5461,2
16386,5462,0
16387,5462,1
16388,5462,2
16389,5463,0
16390,5463,1
16391,5463,2
16392,5464,0
16393,5464,1
16394,5464,2
16395,5465,0
16396,5465,1
16397,5465,2
16398,5466,0
16399,5466,1
16400,5466,2
16401,5467,0
16402,5467,1
16403,5467,2
16404,5468,0
16405,5468,1
16406,5468,2
16407,5469,0
16408,5469,1
16409,5469,2
16410,5470,0
16411,5470,1
16412,5470,2
16413,5471,0
16414,5471,1
16415,5471,2
16416,5472,0
16417,5472,1
16418,5472,2
16419,5473,0
16420,5473,1
16421,5473,2
16422,5474,0
16423,5474,1
16424,5474,2
16425,5475,0
16426,5475,1
16427,5475,2
16428,5476,0
16429,5476,1
16430,5476,2
16431,5477,0
16432,5477,1
16433,5477,2
16434,5478,0
16435,5478,1
16436,5478,2
16437,5479,0
16438,5479,1
16439,5479,2
16440,5480,0
16441,5480,1
16442,5480,2
16443,5481,0
16444,5481,1
16445,5481,2
16446,5482,0
16447,5482,1
16448,5482,2
16449,5483,0
16450,5483,1
16451,5483,2
16452,5484,0
16453,5484,1
16454,5484,2
16455,5485,0
16456,5485,1
16457,5485,2
16458,5486,0
16459,5486,1
16460,5486,2
16461,5487,0
16462,5487,1
16463,5487,2
16464,5488,0
16465,5488,1
16466,5488,2
16467,5489,0
16468,5489,1
16469,5489,2
16470,5490,0
16471,5490,1
16472,5490,2
16473,5491,0
16474,5491,1
16475,5491,2
16476,5492,0
16477,5492,1
16478,5492,2
16479,5493,0
16480,5493,1
16481,5493,2
16482,5494,0
16483,5494,1
16484,5494,2
16485,5495,0
16486,5495,1
16487,5495,2
16488,5496,0
16489,5496,1
16490,5496,2
16491,5497,0
16492,5497,1
16493,5497,2
16494,5498,0
16495,5498,1
16496,5498,2
16497,5499,0
16498,5499,1
16499,5499,2
16500,5500,0
16501,5500,1
16502,5500,2
16503,5501,0
16504,5501,1
16505,5501,2
16506,5502,0
16507,5502,1
16508,5502,2
16509,5503,0
16510,5503,1
16511,5503,2
16512,5504,0
16513,5504,1
16514,5504,2
16515,5505,0
16516,5505,1
16517,5505,2
16518,5506,0
16519,5506,1
16520,5506,2
16521,5507,0
16522,5507,1
16523,5507,2
16524,5508,0
16525,5508,1
16526,5508,2
16527,5509,0
16528,5509,1
16529,5509,2
16530,5510,0
16531,5510,1
16532,5510,2
16533,5511,0
16534,5511,1
16535,5511,2
16536,5512,0
16537,5512,1
16538,5512,2
16539,5513,0
16540,5513,1
16541,5513,2
16542,5514,0
16543,5514,1
16544,5514,2
16545,5515,0
16546,5515,1
16547,5515,2
16548,5516,0
16549,5516,1
16550,5516,2
16551,5517,0
16552,5517,1
16553,5517,2
16554,5518,0
16555,5518,1
16556,5518,2
16557,5519,0
16558,5519,1
16559,5519,2
16560,5520,0
16561,5520,1
16562,5520,2
16563,5521,0
16564,5521,1
16565,5521,2
16566,5522,0
16567,5522,1
16568,5522,2
16569,5523,0
16570,5523,1
16571,5523,2
16572,5524,0
16573,5524,1
16574,5524,2
16575,5525,0
16576,5525,1
16577,5525,2
16578,5526,0
16579,5526,1
16580,5526,2
16581,5527,0
16582,5527,1
16583,5527,2
16584,5528,0
16585,5528,1
16586,5528,2
16587,5529,0
16588,5529,1
16589,5529,2
16590,5530,0
16591,5530,1
16592,5530,2
16593,5531,0
16594,5531,1
16595,5531,2
16596,5532,0
16597,5532,1
16598,5532,2
16599,5533,0
16600,5533,1
16601,5533,2
16602,5534,0
16603,5534,1
16604,5534,2
16605,5535,0
16606,5535,1
16607,5535,2
16608,5536,0
16609,5536,1
16610,5536,2
16611,5537,0
16612,5537,1
16613,5537,2
16614,5538,0
16615,5538,1
16616,5538,2
16617,5539,0
16618,5539,1
16619,5539,2
16620,5540,0
16621,5540,1
16622,5540,2
16623,5541,0
16624,5541,1
16625,5541,2
16626,5542,0
16627,5542,1
16628,5542,2
16629,5543,0
16630,5543,1
16631,5543,2
16632,5544,0
16633,5544,1
16634,5544,2
16635,5545,0
16636,5545,1
16637,5545,2
16638,5546,0
16639,5546,1
16640,5546,2
16641,5547,0
16642,5547,1
16643,5547,2
16644,5548,0
16645,5548,1
16646,5548,2
16647,5549,0
16648,5549,1
16649,5549,2
16650,5550,0
16651,5550,1
16652,5550,2
16653,5551,0
16654,5551,1
16655,5551,2
16656,5552,0
16657,5552,1
16658,5552,2
16659,5553,0
16660,5553,1
16661,5553,2
16662,5554,0
16663,5554,1
16664,5554,2
16665,5555,0
16666,5555,1
16667,5555,2
16668,5556,0
16669,5556,1
16670,5556,2
16671,5557,0
16672,5557,1
16673,5557,2
16674,5558,0
16675,5558,1
16676,5558,2
16677,5559,0
16678,5559,1
16679,5559,2
16680,5560,0
16681,5560,1
16682,5560,2
16683,5561,0
16684,5561,1
16685,5561,2
16686,5562,0
16687,5562,1
16688,5562,2
16689,5563,0
16690,5563,1
16691,5563,2
16692,5564,0
16693,5564,1
16694,5564,2
16695,5565,0
16696,5565,1
16697,5565,2
16698,5566,0
16699,5566,1
16700,5566,2
16701,5567,0
16702,5567,1
16703,5567,2
16704,5568,0
16705,5568,1
16706,5568,2
16707,5569,0
16708,5569,1
16709,5569,2
16710,5570,0
16711,5570,1
16712,5570,2
16713,5571,0
16714,5571,1
16715,5571,2
16716,5572,0
16717,5572,1
16718,5572,2
16719,5573,0
16720,5573,1
16721,5573,2
16722,5574,0
16723,5574,1
16724,5574,2
16725,5575,0
16726,5575,1
16727,5575,2
16728,5576,0
16729,5576,1
16730,5576,2
16731,5577,0
16732,5577,1
16733,5577,2
16734,5578,0
16735,5578,1
16736,5578,2
16737,5579,0
16738,5579,1
16739,5579,2
16740,5580,0
16741,5580,1
16742,5580,2
16743,5581,0
16744,5581,1
16745,5581,2
16746,5582,0
16747,5582,1
16748,5582,2
16749,5583,0
16750,5583,1
16751,5583,2
16752,5584,0
16753,5584,1
16754,5584,2
16755,5585,0
16756,5585,1
16757,5585,2
16758,5586,0
16759,5586,1
16760,5586,2
16761,5587,0
16762,5587,1
16763,5587,2
16764,5588,0
16765,5588,1
16766,5588,2
16767,5589,0
16768,5589,1
16769,5589,2
16770,5590,0
16771,5590,1
16772,5590,2
16773,5591,0
16774,5591,1
16775,5591,2
16776,5592,0
16777,5592,1
16778,5592,2
16779,5593,0
16780,5593,1
16781,5593,2
16782,5594,0
16783,5594,1
16784,5594,2
16785,5595,0
16786,5595,1
16787,5595,2
16788,5596,0
16789,5596,1
16790,5596,2
16791,5597,0
16792,5597,1
16793,5597,2
16794,5598,0
16795,5598,1
16796,5598,2
16797,5599,0
16798,5599,1
16799,5599,2
16800,5600,0
16801,5600,1
16802,5600,2
16803,5601,0
16804,5601,1
16805,5601,2
16806,5602,0
16807,5602,1
16808,5602,2
16809,5603,0
16810,5603,1
16811,5603,2
16812,5604,0
16813,5604,1
16814,5604,2
16815,5605,0
16816,5605,1
16817,5605,2
16818,5606,0
16819,5606,1
16820,5606,2
16821,5607,0
16822,5607,1
16823,5607,2
16824,5608,0
16825,5608,1
16826,5608,2
16827,5609,0
16828,5609,1
16829,5609,2
16830,5610,0
16831,5610,1
16832,5610,2
16833,5611,0
16834,5611,1
16835,5611,2
16836,5612,0
16837,5612,1
16838,5612,2
16839,5613,0
16840,5613,1
16841,5613,2
16842,5614,0
16843,5614,1
16844,5614,2
16845,5615,0
16846,5615,1
16847,5615,2
16848,5616,0
16849,5616,1
16850,5616,2
16851,5617,0
16852,5617,1
16853,5617,2
16854,5618,0
16855,5618,1
16856,5618,2
16857,5619,0
16858,5619,1
16859,5619,2
16860,5620,0
16861,5620,1
16862,5620,2
16863,5621,0
16864,5621,1
16865,5621,2
16866,5622,0
16867,5622,1
16868,5622,2
16869,5623,0
16870,5623,1
16871,5623,2
16872,5624,0
16873,5624,1
16874,5624,2
16875,5625,0
16876,5625,1
16877,5625,2
16878,5626,0
16879,5626,1
16880,5626,2
16881,5627,0
16882,5627,1
16883,5627,2
16884,5628,0
16885,5628,1
16886,5628,2
16887,5629,0
16888,5629,1
16889,5629,2
16890,5630,0
16891,5630,1
16892,5630,2
16893,5631,0
16894,5631,1
16895,5631,2
16896,5632,0
16897,5632,1
16898,5632,2
16899,5633,0
16900,5633,1
16901,5633,2
16902,5634,0
16903,5634,1
16904,5634,2
16905,5635,0
16906,5635,1
16907,5635,2
16908,5636,0
16909,5636,1
16910,5636,2
16911,5637,0
16912,5637,1
16913,5637,2
16914,5638,0
16915,5638,1
16916,5638,2
16917,5639,0
16918,5639,1
16919,5639,2
16920,5640,0
16921,5640,1
16922,5640,2
16923,5641,0
16924,5641,1
16925,5641,2
16926,5642,0
16927,5642,1
16928,5642,2
16929,5643,0
16930,5643,1
16931,5643,2
16932,5644,0
16933,5644,1
16934,5644,2
16935,5645,0
16936,5645,1
16937,5645,2
16938,5646,0
16939,5646,1
16940,5646,2
16941,5647,0
16942,5647,1
16943,5647,2
16944,5648,0
16945,5648,1
16946,5648,2
16947,5649,0
16948,5649,1
16949,5649,2
16950,5650,0
16951,5650,1
16952,5650,2
16953,5651,0
16954,5651,1
16955,5651,2
16956,5652,0
16957,5652,1
16958,5652,2
16959,5653,0
16960,5653,1
16961,5653,2
16962,5654,0
16963,5654,1
16964,5654,2
16965,5655,0
16966,5655,1
16967,5655,2
16968,5656,0
16969,5656,1
16970,5656,2
16971,5657,0
16972,5657,1
16973,5657,2
16974,5658,0
16975,5658,1
16976,5658,2
16977,5659,0
16978,5659,1
16979,5659,2
16980,5660,0
16981,5660,1
16982,5660,2
16983,5661,0
16984,5661,1
16985,5661,2
16986,5662,0
16987,5662,1
16988,5662,2
16989,5663,0
16990,5663,1
16991,5663,2
16992,5664,0
16993,5664,1
16994,5664,2
16995,5665,0
16996,5665,1
16997,5665,2
16998,5666,0
16999,5666,1
17000,5666,2
17001,5667,0
17002,5667,1
17003,5667,2
17004,5668,0
17005,5668,1
17006,5668,2
17007,5669,0
17008,5669,1
17009,5669,2
17010,5670,0
17011,5670,1
17012,5670,2
17013,5671,0
17014,5671,1
17015,5671,2
17016,5672,0
17017,5672,1
17018,5672,2
17019,5673,0
17020,5673,1
17021,5673,2
17022,5674,0
17023,5674,1
17024,5674,2
17025,5675,0
17026,5675,1
17027,5675,2
17028,5676,0
17029,5676,1
17030,5676,2
17031,5677,0
17032,5677,1
17033,5677,2
17034,5678,0
17035,5678,1
17036,5678,2
17037,5679,0
17038,5679,1
17039,5679,2
17040,5680,0
17041,5680,1
17042,5680,2
17043,5681,0
17044,5681,1
17045,5681,2
17046,5682,0
17047,5682,1
17048,5682,2
17049,5683,0
17050,5683,1
17051,5683,2
17052,5684,0
17053,5684,1
17054,5684,2
17055,5685,0
17056,5685,1
17057,5685,2
17058,5686,0
17059,5686,1
17060,5686,2
17061,5687,0
17062,5687,1
17063,5687,2
17064,5688,0
17065,5688,1
17066,5688,2
17067,5689,0
17068,5689,1
17069,5689,2
17070,5690,0
17071,5690,1
17072,5690,2
17073,5691,0
17074,5691,1
17075,5691,2
17076,5692,0
17077,5692,1
17078,5692,2
17079,5693,0
17080,5693,1
17081,5693,2
17082,5694,0
17083,5694,1
17084,5694,2
17085,5695,0
17086,5695,1
17087,5695,2
17088,5696,0
17089,5696,1
17090,5696,2
17091,5697,0
17092,5697,1
17093,5697,2
17094,5698,0
17095,5698,1
17096,5698,2
17097,5699,0
17098,5699,1
17099,5699,2
17100,5700,0
17101,5700,1
17102,5700,2
17103,5701,0
17104,5701,1
17105,5701,2
17106,5702,0
17107,5702,1
17108,5702,2
17109,5703,0
17110,5703,1
17111,5703,2
17112,5704,0
17113,5704,1
17114,5704,2
17115,5705,0
17116,5705,1
17117,5705,2
17118,5706,0
17119,5706,1
17120,5706,2
17121,5707,0
17122,5707,1
17123,5707,2
17124,5708,0
17125,5708,1
17126,5708,2
17127,5709,0
17128,5709,1
17129,5709,2
17130,5710,0
17131,5710,1
17132,5710,2
17133,5711,0
17134,5711,1
17135,5711,2
17136,5712,0
17137,5712,1
17138,5712,2
17139,5713,0
17140,5713,1
17141,5713,2
17142,5714,0
17143,5714,1
17144,5714,2
17145,5715,0
17146,5715,1
17147,5715,2
17148,5716,0
17149,5716,1
17150,5716,2
17151,5717,0
17152,5717,1
17153,5717,2
17154,5718,0
17155,5718,1
17156,5718,2
17157,5719,0
17158,5719,1
17159,5719,2
17160,5720,0
17161,5720,1
17162,5720,2
17163,5721,0
17164,5721,1
17165,5721,2
17166,5722,0
17167,5722,1
17168,5722,2
17169,5723,0
17170,5723,1
17171,5723,2
17172,5724,0
17173,5724,1
17174,5724,2
17175,5725,0
17176,5725,1
17177,5725,2
17178,5726,0
17179,5726,1
17180,5726,2
17181,5727,0
17182,5727,1
17183,5727,2
17184,5728,0
17185,5728,1
17186,5728,2
17187,5729,0
17188,5729,1
17189,5729,2
17190,5730,0
17191,5730,1
17192,5730,2
17193,5731,0
17194,5731,1
17195,5731,2
17196,5732,0
17197,5732,1
17198,5732,2
17199,5733,0
17200,5733,1
17201,5733,2
17202,5734,0
17203,5734,1
17204,5734,2
17205,5735,0
17206,5735,1
17207,5735,2
17208,5736,0
17209,5736,1
17210,5736,2
17211,5737,0
17212,5737,1
17213,5737,2
17214,5738,0
17215,5738,1
17216,5738,2
17217,5739,0
17218,5739,1
17219,5739,2
17220,5740,0
17221,5740,1
17222,5740,2
17223,5741,0
17224,5741,1
17225,5741,2
17226,5742,0
17227,5742,1
17228,5742,2
17229,5743,0
17230,5743,1
17231,5743,2
17232,5744,0
17233,5744,1
17234,5744,2
17235,5745,0
17236,5745,1
17237,5745,2
17238,5746,0
17239,5746,1
17240,5746,2
17241,5747,0
17242,5747,1
17243,5747,2
17244,5748,0
17245,5748,1
17246,5748,2
17247,5749,0
17248,5749,1
17249,5749,2
17250,5750,0
17251,5750,1
17252,5750,2
17253,5751,0
17254,5751,1
17255,5751,2
17256,5752,0
17257,5752,1
17258,5752,2
17259,5753,0
17260,5753,1
17261,5753,2
17262,5754,0
17263,5754,1
17264,5754,2
17265,5755,0
17266,5755,1
17267,5755,2
17268,5756,0
17269,5756,1
17270,5756,2
17271,5757,0
17272,5757,1
17273,5757,2
17274,5758,0
17275,5758,1
17276,5758,2
17277,5759,0
17278,5759,1
17279,5759,2
17280,5760,0
17281,5760,1
17282,5760,2
17283,5761,0
17284,5761,1
17285,5761,2
17286,5762,0
17287,5762,1
17288,5762,2
17289,5763,0
17290,5763,1
17291,5763,2
17292,5764,0
17293,5764,1
17294,5764,2
17295,5765,0
17296,5765,1
17297,5765,2
17298,5766,0
17299,5766,1
17300,5766,2
17301,5767,0
17302,5767,1
17303,5767,2
17304,5768,0
17305,5768,1
17306,5768,2
17307,5769,0
17308,5769,1
17309,5769,2
17310,5770,0
17311,5770,1
17312,5770,2
17313,5771,0
17314,5771,1
17315,5771,2
17316,5772,0
17317,5772,1
17318,5772,2
17319,5773,0
17320,5773,1
17321,5773,2
17322,5774,0
17323,5774,1
17324,5774,2
17325,5775,0
17326,5775,1
17327,5775,2
17328,5776,0
17329,5776,1
17330,5776,2
17331,5777,0
17332,5777,1
17333,5777,2
17334,5778,0
17335,5778,1
17336,5778,2
17337,5779,0
17338,5779,1
17339,5779,2
17340,5780,0
17341,5780,1
17342,5780,2
17343,5781,0
17344,5781,1
17345,5781,2
17346,5782,0
17347,5782,1
17348,5782,2
17349,5783,0
17350,5783,1
17351,5783,2
17352,5784,0
17353,5784,1
17354,5784,2
17355,5785,0
17356,5785,1
17357,5785,2
17358,5786,0
17359,5786,1
17360,5786,2
17361,5787,0
17362,5787,1
17363,5787,2
17364,5788,0
17365,5788,1
17366,5788,2
17367,5789,0
17368,5789,1
17369,5789,2
17370,5790,0
17371,5790,1
17372,5790,2
17373,5791,0
17374,5791,1
17375,5791,2
17376,5792,0
17377,5792,1
17378,5792,2
17379,5793,0
17380,5793,1
17381,5793,2
17382,5794,0
17383,5794,1
17384,5794,2
17385,5795,0
17386,5795,1
17387,5795,2
17388,5796,0
17389,5796,1
17390,5796,2
17391,5797,0
17392,5797,1
17393,5797,2
17394,5798,0
17395,5798,1
17396,5798,2
17397,5799,0
17398,5799,1
17399,5799,2
17400,5800,0
17401,5800,1
17402,5800,2
17403,5801,0
17404,5801,1
17405,5801,2
17406,5802,0
17407,5802,1
17408,5802,2
17409,5803,0
17410,5803,1
17411,5803,2
17412,5804,0
17413,5804,1
17414,5804,2
17415,5805,0
17416,5805,1
17417,5805,2
17418,5806,0
17419,5806,1
17420,5806,2
17421,5807,0
17422,5807,1
17423,5807,2
17424,5808,0
17425,5808,1
17426,5808,2
17427,5809,0
17428,5809,1
17429,5809,2
17430,5810,0
17431,5810,1
17432,5810,2
17433,5811,0
17434,5811,1
17435,5811,2
17436,5812,0
17437,5812,1
17438,5812,2
17439,5813,0
17440,5813,1
17441,5813,2
17442,5814,0
17443,5814,1
17444,5814,2
17445,5815,0
17446,5815,1
17447,5815,2
17448,5816,0
17449,5816,1
17450,5816,2
17451,5817,0
17452,5817,1
17453,5817,2
17454,5818,0
17455,5818,1
17456,5818,2
17457,5819,0
17458,5819,1
17459,5819,2
17460,5820,0
17461,5820,1
17462,5820,2
17463,5821,0
17464,5821,1
17465,5821,2
17466,5822,0
17467,5822,1
17468,5822,2
17469,5823,0
17470,5823,1
17471,5823,2
17472,5824,0
17473,5824,1
17474,5824,2
17475,5825,0
17476,5825,1
17477,5825,2
17478,5826,0
17479,5826,1
17480,5826,2
17481,5827,0
17482,5827,1
17483,5827,2
17484,5828,0
17485,5828,1
17486,5828,2
17487,5829,0
17488,5829,1
17489,5829,2
17490,5830,0
17491,5830,1
17492,5830,2
17493,5831,0
17494,5831,1
17495,5831,2
17496,5832,0
17497,5832,1
17498,5832,2
17499,5833,0
17500,5833,1
17501,5833,2
17502,5834,0
17503,5834,1
17504,5834,2
17505,5835,0
17506,5835,1
17507,5835,2
17508,5836,0
17509,5836,1
17510,5836,2
17511,5837,0
17512,5837,1
17513,5837,2
17514,5838,0
17515,5838,1
17516,5838,2
17517,5839,0
17518,5839,1
17519,5839,2
17520,5840,0
17521,5840,1
17522,5840,2
17523,5841,0
17524,5841,1
17525,5841,2
17526,5842,0
17527,5842,1
17528,5842,2
17529,5843,0
17530,5843,1
17531,5843,2
17532,5844,0
17533,5844,1
17534,5844,2
17535,5845,0
17536,5845,1
17537,5845,2
17538,5846,0
17539,5846,1
17540,5846,2
17541,5847,0
17542,5847,1
17543,5847,2
17544,5848,0
17545,5848,1
17546,5848,2
17547,5849,0
17548,5849,1
17549,5849,2
17550,5850,0
17551,5850,1
17552,5850,2
17553,5851,0
17554,5851,1
17555,5851,2
17556,5852,0
17557,5852,1
17558,5852,2
17559,5853,0
17560,5853,1
17561,5853,2
17562,5854,0
17563,5854,1
17564,5854,2
17565,5855,0
17566,5855,1
17567,5855,2
17568,5856,0
17569,5856,1
17570,5856,2
17571,5857,0
17572,5857,1
17573,5857,2
17574,5858,0
17575,5858,1
17576,5858,2
17577,5859,0
17578,5859,1
17579,5859,2
17580,5860,0
17581,5860,1
17582,5860,2
17583,5861,0
17584,5861,1
17585,5861,2
17586,5862,0
17587,5862,1
17588,5862,2
17589,5863,0
17590,5863,1
17591,5863,2
17592,5864,0
17593,5864,1
17594,5864,2
17595,5865,0
17596,5865,1
17597,5865,2
17598,5866,0
17599,5866,1
17600,5866,2
17601,5867,0
17602,5867,1
17603,5867,2
17604,5868,0
17605,5868,1
17606,5868,2
17607,5869,0
17608,5869,1
17609,5869,2
17610,5870,0
17611,5870,1
17612,5870,2
17613,5871,0
17614,5871,1
17615,5871,2
17616,5872,0
17617,5872,1
17618,5872,2
17619,5873,0
17620,5873,1
17621,5873,2
17622,5874,0
17623,5874,1
17624,5874,2
17625,5875,0
17626,5875,1
17627,5875,2
17628,5876,0
17629,5876,1
17630,5876,2
17631,5877,0
17632,5877,1
17633,5877,2
17634,5878,0
17635,5878,1
17636,5878,2
17637,5879,0
17638,5879,1
17639,5879,2
17640,5880,0
17641,5880,1
17642,5880,2
17643,5881,0
17644,5881,1
17645,5881,2
17646,5882,0
17647,5882,1
17648,5882,2
17649,5883,0
17650,5883,1
17651,5883,2
17652,5884,0
17653,5884,1
17654,5884,2
17655,5885,0
17656,5885,1
17657,5885,2
17658,5886,0
17659,5886,1
17660,5886,2
17661,5887,0
17662,5887,1
17663,5887,2
17664,5888,0
17665,5888,1
17666,5888,2
17667,5889,0
17668,5889,1
17669,5889,2
17670,5890,0
17671,5890,1
17672,5890,2
17673,5891,0
17674,5891,1
17675,5891,2
17676,5892,0
17677,5892,1
17678,5892,2
17679,5893,0
17680,5893,1
17681,5893,2
17682,5894,0
17683,5894,1
17684,5894,2
17685,5895,0
17686,5895,1
17687,5895,2
17688,5896,0
17689,5896,1
17690,5896,2
17691,5897,0
17692,5897,1
17693,5897,2
17694,5898,0
17695,5898,1
17696,5898,2
17697,5899,0
17698,5899,1
17699,5899,2
17700,5900,0
17701,5900,1
17702,5900,2
17703,5901,0
17704,5901,1
17705,5901,2
17706,5902,0
17707,5902,1
17708,5902,2
17709,5903,0
17710,5903,1
17711,5903,2
17712,5904,0
17713,5904,1
17714,5904,2
17715,5905,0
17716,5905,1
17717,5905,2
17718,5906,0
17719,5906,1
17720,5906,2
17721,5907,0
17722,5907,1
17723,5907,2
17724,5908,0
17725,5908,1
17726,5908,2
17727,5909,0
17728,5909,1
17729,5909,2
17730,5910,0
17731,5910,1
17732,5910,2
17733,5911,0
17734,5911,1
17735,5911,2
17736,5912,0
17737,5912,1
17738,5912,2
17739,5913,0
17740,5913,1
17741,5913,2
17742,5914,0
17743,5914,1
17744,5914,2
17745,5915,0
17746,5915,1
17747,5915,2
17748,5916,0
17749,5916,1
17750,5916,2
17751,5917,0
17752,5917,1
17753,5917,2
17754,5918,0
17755,5918,1
17756,5918,2
17757,5919,0
17758,5919,1
17759,5919,2
17760,5920,0
17761,5920,1
17762,5920,2
17763,5921,0
17764,5921,1
17765,5921,2
17766,5922,0
17767,5922,1
17768,5922,2
17769,5923,0
17770,5923,1
17771,5923,2
17772,5924,0
17773,5924,1
17774,5924,2
17775,5925,0
17776,5925,1
17777,5925,2
17778,5926,0
17779,5926,1
17780,5926,2
17781,5927,0
17782,5927,1
17783,5927,2
17784,5928,0
17785,5928,1
17786,5928,2
17787,5929,0
17788,5929,1
17789,5929,2
17790,5930,0
17791,5930,1
17792,5930,2
17793,5931,0
17794,5931,1
17795,5931,2
17796,5932,0
17797,5932,1
17798,5932,2
17799,5933,0
17800,5933,1
17801,5933,2
17802,5934,0
17803,5934,1
17804,5934,2
17805,5935,0
17806,5935,1
17807,5935,2
17808,5936,0
17809,5936,1
17810,5936,2
17811,5937,0
17812,5937,1
17813,5937,2
17814,5938,0
17815,5938,1
17816,5938,2
17817,5939,0
17818,5939,1
17819,5939,2
17820,5940,0
17821,5940,1
17822,5940,2
17823,5941,0
17824,5941,1
17825,5941,2
17826,5942,0
17827,5942,1
17828,5942,2
17829,5943,0
17830,5943,1
17831,5943,2
17832,5944,0
17833,5944,1
17834,5944,2
17835,5945,0
17836,5945,1
17837,5945,2
17838,5946,0
17839,5946,1
17840,5946,2
17841,5947,0
17842,5947,1
17843,5947,2
17844,5948,0
17845,5948,1
17846,5948,2
17847,5949,0
17848,5949,1
17849,5949,2
17850,5950,0
17851,5950,1
17852,5950,2
17853,5951,0
17854,5951,1
17855,5951,2
17856,5952,0
17857,5952,1
17858,5952,2
17859,5953,0
17860,5953,1
17861,5953,2
17862,5954,0
17863,5954,1
17864,5954,2
17865,5955,0
17866,5955,1
17867,5955,2
17868,5956,0
17869,5956,1
17870,5956,2
17871,5957,0
17872,5957,1
17873,5957,2
17874,5958,0
17875,5958,1
17876,5958,2
17877,5959,0
17878,5959,1
17879,5959,2
17880,5960,0
17881,5960,1
17882,5960,2
17883,5961,0
17884,5961,1
17885,5961,2
17886,5962,0
17887,5962,1
17888,5962,2
17889,5963,0
17890,5963,1
17891,5963,2
17892,5964,0
17893,5964,1
17894,5964,2
17895,5965,0
17896,5965,1
17897,5965,2
17898,5966,0
17899,5966,1
17900,5966,2
17901,5967,0
17902,5967,1
17903,5967,2
17904,5968,0
17905,5968,1
17906,5968,2
17907,5969,0
17908,5969,1
17909,5969,2
17910,5970,0
17911,5970,1
17912,5970,2
17913,5971,0
17914,5971,1
17915,5971,2
17916,5972,0
17917,5972,1
17918,5972,2
17919,5973,0
17920,5973,1
17921,5973,2
17922,5974,0
17923,5974,1
17924,5974,2
17925,5975,0
17926,5975,1
17927,5975,2
17928,5976,0
17929,5976,1
17930,5976,2
17931,5977,0
17932,5977,1
17933,5977,2
17934,5978,0
17935,5978,1
17936,5978,2
17937,5979,0
17938,5979,1
17939,5979,2
17940,5980,0
17941,5980,1
17942,5980,2
17943,5981,0
17944,5981,1
17945,5981,2
17946,5982,0
17947,5982,1
17948,5982,2
17949,5983,0
17950,5983,1
17951,5983,2
17952,5984,0
17953,5984,1
17954,5984,2
17955,5985,0
17956,5985,1
17957,5985,2
17958,5986,0
17959,5986,1
17960,5986,2
17961,5987,0
17962,5987,1
17963,5987,2
17964,5988,0
17965,5988,1
17966,5988,2
17967,5989,0
17968,5989,1
17969,5989,2
17970,5990,0
17971,5990,1
17972,5990,2
17973,5991,0
17974,5991,1
17975,5991,2
17976,5992,0
17977,5992,1
17978,5992,2
17979,5993,0
17980,5993,1
17981,5993,2
17982,5994,0
17983,5994,1
17984,5994,2
17985,5995,0
17986,5995,1
17987,5995,2
17988,5996,0
17989,5996,1
17990,5996,2
17991,5997,0
17992,5997,1
17993,5997,2
17994,5998,0
17995,5998,1
17996,5998,2
17997,5999,0
17998,5999,1
17999,5999,2
18000,6000,0
18001,6000,1
18002,6000,2
18003,6001,0
18004,6001,1
18005,6001,2
18006,6002,0
18007,6002,1
18008,6002,2
18009,6003,0
18010,6003,1
18011,6003,2
18012,6004,0
18013,6004,1
18014,6004,2
18015,6005,0
18016,6005,1
18017,6005,2
18018,6006,0
18019,6006,1
18020,6006,2
18021,6007,0
18022,6007,1
18023,6007,2
18024,6008,0
18025,6008,1
18026,6008,2
18027,6009,0
18028,6009,1
18029,6009,2
18030,6010,0
18031,6010,1
18032,6010,2
18033,6011,0
18034,6011,1
18035,6011,2
18036,6012,0
18037,6012,1
18038,6012,2
18039,6013,0
18040,6013,1
18041,6013,2
18042,6014,0
18043,6014,1
18044,6014,2
18045,6015,0
18046,6015,1
18047,6015,2
18048,6016,0
18049,6016,1
18050,6016,2
18051,6017,0
18052,6017,1
18053,6017,2
18054,6018,0
18055,6018,1
18056,6018,2
18057,6019,0
18058,6019,1
18059,6019,2
18060,6020,0
18061,6020,1
18062,6020,2
18063,6021,0
18064,6021,1
18065,6021,2
18066,6022,0
18067,6022,1
18068,6022,2
18069,6023,0
18070,6023,1
18071,6023,2
18072,6024,0
18073,6024,1
18074,6024,2
18075,6025,0
18076,6025,1
18077,6025,2
18078,6026,0
18079,6026,1
18080,6026,2
18081,6027,0
18082,6027,1
18083,6027,2
18084,6028,0
18085,6028,1
18086,6028,2
18087,6029,0
18088,6029,1
18089,6029,2
18090,6030,0
18091,6030,1
18092,6030,2
18093,6031,0
18094,6031,1
18095,6031,2
18096,6032,0
18097,6032,1
18098,6032,2
18099,6033,0
18100,6033,1
18101,6033,2
18102,6034,0
18103,6034,1
18104,6034,2
18105,6035,0
18106,6035,1
18107,6035,2
18108,6036,0
18109,6036,1
18110,6036,2
18111,6037,0
18112,6037,1
18113,6037,2
18114,6038,0
18115,6038,1
18116,6038,2
18117,6039,0
18118,6039,1
18119,6039,2
18120,6040,0
18121,6040,1
18122,6040,2
18123,6041,0
18124,6041,1
18125,6041,2
18126,6042,0
18127,6042,1
18128,6042,2
18129,6043,0
18130,6043,1
18131,6043,2
18132,6044,0
18133,6044,1
18134,6044,2
18135,6045,0
18136,6045,1
18137,6045,2
18138,6046,0
18139,6046,1
18140,6046,2
18141,6047,0
18142,6047,1
18143,6047,2
18144,6048,0
18145,6048,1
18146,6048,2
18147,6049,0
18148,6049,1
18149,6049,2
18150,6050,0
18151,6050,1
18152,6050,2
18153,6051,0
18154,6051,1
18155,6051,2
18156,6052,0
18157,6052,1
18158,6052,2
18159,6053,0
18160,6053,1
18161,6053,2
18162,6054,0
18163,6054,1
18164,6054,2
18165,6055,0
18166,6055,1
18167,6055,2
18168,6056,0
18169,6056,1
18170,6056,2
18171,6057,0
18172,6057,1
18173,6057,2
18174,6058,0
18175,6058,1
18176,6058,2
18177,6059,0
18178,6059,1
18179,6059,2
18180,6060,0
18181,6060,1
18182,6060,2
18183,6061,0
18184,6061,1
18185,6061,2
18186,6062,0
18187,6062,1
18188,6062,2
18189,6063,0
18190,6063,1
18191,6063,2
18192,6064,0
18193,6064,1
18194,6064,2
18195,6065,0
18196,6065,1
18197,6065,2
18198,6066,0
18199,6066,1
18200,6066,2
18201,6067,0
18202,6067,1
18203,6067,2
18204,6068,0
18205,6068,1
18206,6068,2
18207,6069,0
18208,6069,1
18209,6069,2
18210,6070,0
18211,6070,1
18212,6070,2
18213,6071,0
18214,6071,1
18215,6071,2
18216,6072,0
18217,6072,1
18218,6072,2
18219,6073,0
18220,6073,1
18221,6073,2
18222,6074,0
18223,6074,1
18224,6074,2
18225,6075,0
18226,6075,1
18227,6075,2
18228,6076,0
18229,6076,1
18230,6076,2
18231,6077,0
18232,6077,1
18233,6077,2
18234,6078,0
18235,6078,1
18236,6078,2
18237,6079,0
18238,6079,1
18239,6079,2
18240,6080,0
18241,6080,1
18242,6080,2
18243,6081,0
18244,6081,1
18245,6081,2
18246,6082,0
18247,6082,1
18248,6082,2
18249,6083,0
18250,6083,1
18251,6083,2
18252,6084,0
18253,6084,1
18254,6084,2
18255,6085,0
18256,6085,1
18257,6085,2
18258,6086,0
18259,6086,1
18260,6086,2
18261,6087,0
18262,6087,1
18263,6087,2
18264,6088,0
18265,6088,1
18266,6088,2
18267,6089,0
18268,6089,1
18269,6089,2
18270,6090,0
18271,6090,1
18272,6090,2
18273,6091,0
18274,6091,1
18275,6091,2
18276,6092,0
18277,6092,1
18278,6092,2
18279,6093,0
18280,6093,1
18281,6093,2
18282,6094,0
18283,6094,1
18284,6094,2
18285,6095,0
18286,6095,1
18287,6095,2
18288,6096,0
18289,6096,1
18290,6096,2
18291,6097,0
18292,6097,1
18293,6097,2
18294,6098,0
18295,6098,1
18296,6098,2
18297,6099,0
18298,6099,1
18299,6099,2
18300,6100,0
18301,6100,1
18302,6100,2
18303,6101,0
18304,6101,1
18305,6101,2
18306,6102,0
18307,6102,1
18308,6102,2
18309,6103,0
18310,6103,1
18311,6103,2
18312,6104,0
18313,6104,1
18314,6104,2
18315,6105,0
18316,6105,1
18317,6105,2
18318,6106,0
18319,6106,1
18320,6106,2
18321,6107,0
18322,6107,1
18323,6107,2
18324,6108,0
18325,6108,1
18326,6108,2
18327,6109,0
18328,6109,1
18329,6109,2
18330,6110,0
18331,6110,1
18332,6110,2
18333,6111,0
18334,6111,1
18335,6111,2
18336,6112,0
18337,6112,1
18338,6112,2
18339,6113,0
18340,6113,1
18341,6113,2
18342,6114,0
18343,6114,1
18344,6114,2
18345,6115,0
18346,6115,1
18347,6115,2
18348,6116,0
18349,6116,1
18350,6116,2
18351,6117,0
18352,6117,1
18353,6117,2
18354,6118,0
18355,6118,1
18356,6118,2
18357,6119,0
18358,6119,1
18359,6119,2
18360,6120,0
18361,6120,1
18362,6120,2
18363,6121,0
18364,6121,1
18365,6121,2
18366,6122,0
18367,6122,1
18368,6122,2
18369,6123,0
18370,6123,1
18371,6123,2
18372,6124,0
18373,6124,1
18374,6124,2
18375,6125,0
18376,6125,1
18377,6125,2
18378,6126,0
18379,6126,1
18380,6126,2
18381,6127,0
18382,6127,1
18383,6127,2
18384,6128,0
18385,6128,1
18386,6128,2
18387,6129,0
18388,6129,1
18389,6129,2
18390,6130,0
18391,6130,1
18392,6130,2
18393,6131,0
18394,6131,1
18395,6131,2
18396,6132,0
18397,6132,1
18398,6132,2
18399,6133,0
18400,6133,1
18401,6133,2
18402,6134,0
18403,6134,1
18404,6134,2
18405,6135,0
18406,6135,1
18407,6135,2
18408,6136,0
18409,6136,1
18410,6136,2
18411,6137,0
18412,6137,1
18413,6137,2
18414,6138,0
18415,6138,1
18416,6138,2
18417,6139,0
18418,6139,1
18419,6139,2
18420,6140,0
18421,6140,1
18422,6140,2
18423,6141,0
18424,6141,1
18425,6141,2
18426,6142,0
18427,6142,1
18428,6142,2
18429,6143,0
18430,6143,1
18431,6143,2
18432,6144,0
18433,6144,1
18434,6144,2
18435,6145,0
18436,6145,1
18437,6145,2
18438,6146,0
18439,6146,1
18440,6146,2
18441,6147,0
18442,6147,1
18443,6147,2
18444,6148,0
18445,6148,1
18446,6148,2
18447,6149,0
18448,6149,1
18449,6149,2
18450,6150,0
18451,6150,1
18452,6150,2
18453,6151,0
18454,6151,1
18455,6151,2
18456,6152,0
18457,6152,1
18458,6152,2
18459,6153,0
18460,6153,1
18461,6153,2
18462,6154,0
18463,6154,1
18464,6154,2
18465,6155,0
18466,6155,1
18467,6155,2
18468,6156,0
18469,6156,1
18470,6156,2
18471,6157,0
18472,6157,1
18473,6157,2
18474,6158,0
18475,6158,1
18476,6158,2
18477,6159,0
18478,6159,1
18479,6159,2
18480,6160,0
18481,6160,1
18482,6160,2
18483,6161,0
18484,6161,1
18485,6161,2
18486,6162,0
18487,6162,1
18488,6162,2
18489,6163,0
18490,6163,1
18491,6163,2
18492,6164,0
18493,6164,1
18494,6164,2
18495,6165,0
18496,6165,1
18497,6165,2
18498,6166,0
18499,6166,1
18500,6166,2
18501,6167,0
18502,6167,1
18503,6167,2
18504,6168,0
18505,6168,1
18506,6168,2
18507,6169,0
18508,6169,1
18509,6169,2
18510,6170,0
18511,6170,1
18512,6170,2
18513,6171,0
18514,6171,1
18515,6171,2
18516,6172,0
18517,6172,1
18518,6172,2
18519,6173,0
18520,6173,1
18521,6173,2
18522,6174,0
18523,6174,1
18524,6174,2
18525,6175,0
18526,6175,1
18527,6175,2
18528,6176,0
18529,6176,1
18530,6176,2
18531,6177,0
18532,6177,1
18533,6177,2
18534,6178,0
18535,6178,1
18536,6178,2
18537,6179,0
18538,6179,1
18539,6179,2
18540,6180,0
18541,6180,1
18542,6180,2
18543,6181,0
18544,6181,1
18545,6181,2
18546,6182,0
18547,6182,1
18548,6182,2
18549,6183,0
18550,6183,1
18551,6183,2
18552,6184,0
18553,6184,1
18554,6184,2
18555,6185,0
18556,6185,1
18557,6185,2
18558,6186,0
18559,6186,1
18560,6186,2
18561,6187,0
18562,6187,1
18563,6187,2
18564,6188,0
18565,6188,1
18566,6188,2
18567,6189,0
18568,6189,1
18569,6189,2
18570,6190,0
18571,6190,1
18572,6190,2
18573,6191,0
18574,6191,1
18575,6191,2
18576,6192,0
18577,6192,1
18578,6192,2
18579,6193,0
18580,6193,1
18581,6193,2
18582,6194,0
18583,6194,1
18584,6194,2
18585,6195,0
18586,6195,1
18587,6195,2
18588,6196,0
18589,6196,1
18590,6196,2
18591,6197,0
18592,6197,1
18593,6197,2
18594,6198,0
18595,6198,1
18596,6198,2
18597,6199,0
18598,6199,1
18599,6199,2
18600,6200,0
18601,6200,1
18602,6200,2
18603,6201,0
18604,6201,1
18605,6201,2
18606,6202,0
18607,6202,1
18608,6202,2
18609,6203,0
18610,6203,1
18611,6203,2
18612,6204,0
18613,6204,1
18614,6204,2
18615,6205,0
18616,6205,1
18617,6205,2
18618,6206,0
18619,6206,1
18620,6206,2
18621,6207,0
18622,6207,1
18623,6207,2
18624,6208,0
18625,6208,1
18626,6208,2
18627,6209,0
18628,6209,1
18629,6209,2
18630,6210,0
18631,6210,1
18632,6210,2
18633,6211,0
18634,6211,1
18635,6211,2
18636,6212,0
18637,6212,1
18638,6212,2
18639,6213,0
18640,6213,1
18641,6213,2
18642,6214,0
18643,6214,1
18644,6214,2
18645,6215,0
18646,6215,1
18647,6215,2
18648,6216,0
18649,6216,1
18650,6216,2
18651,6217,0
18652,6217,1
18653,6217,2
18654,6218,0
18655,6218,1
18656,6218,2
18657,6219,0
18658,6219,1
18659,6219,2
18660,6220,0
18661,6220,1
18662,6220,2
18663,6221,0
18664,6221,1
18665,6221,2
18666,6222,0
18667,6222,1
18668,6222,2
18669,6223,0
18670,6223,1
18671,6223,2
18672,6224,0
18673,6224,1
18674,6224,2
18675,6225,0
18676,6225,1
18677,6225,2
18678,6226,0
18679,6226,1
18680,6226,2
18681,6227,0
18682,6227,1
18683,6227,2
18684,6228,0
18685,6228,1
18686,6228,2
18687,6229,0
18688,6229,1
18689,6229,2
18690,6230,0
18691,6230,1
18692,6230,2
18693,6231,0
18694,6231,1
18695,6231,2
18696,6232,0
18697,6232,1
18698,6232,2
18699,6233,0
18700,6233,1
18701,6233,2
18702,6234,0
18703,6234,1
18704,6234,2
18705,6235,0
18706,6235,1
18707,6235,2
18708,6236,0
18709,6236,1
18710,6236,2
18711,6237,0
18712,6237,1
18713,6237,2
18714,6238,0
18715,6238,1
18716,6238,2
18717,6239,0
18718,6239,1
18719,6239,2
18720,6240,0
18721,6240,1
18722,6240,2
18723,6241,0
18724,6241,1
18725,6241,2
18726,6242,0
18727,6242,1
18728,6242,2
18729,6243,0
18730,6243,1
18731,6243,2
18732,6244,0
18733,6244,1
18734,6244,2
18735,6245,0
18736,6245,1
18737,6245,2
18738,6246,0
18739,6246,1
18740,6246,2
18741,6247,0
18742,6247,1
18743,6247,2
18744,6248,0
18745,6248,1
18746,6248,2
18747,6249,0
18748,6249,1
18749,6249,2
18750,6250,0
18751,6250,1
18752,6250,2
18753,6251,0
18754,6251,1
18755,6251,2
18756,6252,0
18757,6252,1
18758,6252,2
18759,6253,0
18760,6253,1
18761,6253,2
18762,6254,0
18763,6254,1
18764,6254,2
18765,6255,0
18766,6255,1
18767,6255,2
18768,6256,0
18769,6256,1
18770,6256,2
18771,6257,0
18772,6257,1
18773,6257,2
18774,6258,0
18775,6258,1
18776,6258,2
18777,6259,0
18778,6259,1
18779,6259,2
18780,6260,0
18781,6260,1
18782,6260,2
18783,6261,0
18784,6261,1
18785,6261,2
18786,6262,0
18787,6262,1
18788,6262,2
18789,6263,0
18790,6263,1
18791,6263,2
18792,6264,0
18793,6264,1
18794,6264,2
18795,6265,0
18796,6265,1
18797,6265,2
18798,6266,0
18799,6266,1
18800,6266,2
18801,6267,0
18802,6267,1
18803,6267,2
18804,6268,0
18805,6268,1
18806,6268,2
18807,6269,0
18808,6269,1
18809,6269,2
18810,6270,0
18811,6270,1
18812,6270,2
18813,6271,0
18814,6271,1
18815,6271,2
18816,6272,0
18817,6272,1
18818,6272,2
18819,6273,0
18820,6273,1
18821,6273,2
18822,6274,0
18823,6274,1
18824,6274,2
18825,6275,0
18826,6275,1
18827,6275,2
18828,6276,0
18829,6276,1
18830,6276,2
18831,6277,0
18832,6277,1
18833,6277,2
18834,6278,0
18835,6278,1
18836,6278,2
18837,6279,0
18838,6279,1
18839,6279,2
18840,6280,0
18841,6280,1
18842,6280,2
18843,6281,0
18844,6281,1
18845,6281,2
18846,6282,0
18847,6282,1
18848,6282,2
18849,6283,0
18850,6283,1
18851,6283,2
18852,6284,0
18853,6284,1
18854,6284,2
18855,6285,0
18856,6285,1
18857,6285,2
18858,6286,0
18859,6286,1
18860,6286,2
18861,6287,0
18862,6287,1
18863,6287,2
18864,6288,0
18865,6288,1
18866,6288,2
18867,6289,0
18868,6289,1
18869,6289,2
18870,6290,0
18871,6290,1
18872,6290,2
18873,6291,0
18874,6291,1
18875,6291,2
18876,6292,0
18877,6292,1
18878,6292,2
18879,6293,0
18880,6293,1
18881,6293,2
18882,6294,0
18883,6294,1
18884,6294,2
18885,6295,0
18886,6295,1
18887,6295,2
18888,6296,0
18889,6296,1
18890,6296,2
18891,6297,0
18892,6297,1
18893,6297,2
18894,6298,0
18895,6298,1
18896,6298,2
18897,6299,0
18898,6299,1
18899,6299,2
18900,6300,0
18901,6300,1
18902,6300,2
18903,6301,0
18904,6301,1
18905,6301,2
18906,6302,0
18907,6302,1
18908,6302,2
18909,6303,0
18910,6303,1
18911,6303,2
18912,6304,0
18913,6304,1
18914,6304,2
18915,6305,0
18916,6305,1
18917,6305,2
18918,6306,0
18919,6306,1
18920,6306,2
18921,6307,0
18922,6307,1
18923,6307,2
18924,6308,0
18925,6308,1
18926,6308,2
18927,6309,0
18928,6309,1
18929,6309,2
18930,6310,0
18931,6310,1
18932,6310,2
18933,6311,0
18934,6311,1
18935,6311,2
18936,6312,0
18937,6312,1
18938,6312,2
18939,6313,0
18940,6313,1
18941,6313,2
18942,6314,0
18943,6314,1
18944,6314,2
18945,6315,0
18946,6315,1
18947,6315,2
18948,6316,0
18949,6316,1
18950,6316,2
18951,6317,0
18952,6317,1
18953,6317,2
18954,6318,0
18955,6318,1
18956,6318,2
18957,6319,0
18958,6319,1
18959,6319,2
18960,6320,0
18961,6320,1
18962,6320,2
18963,6321,0
18964,6321,1
18965,6321,2
18966,6322,0
18967,6322,1
18968,6322,2
18969,6323,0
18970,6323,1
18971,6323,2
18972,6324,0
18973,6324,1
18974,6324,2
18975,6325,0
18976,6325,1
18977,6325,2
18978,6326,0
18979,6326,1
18980,6326,2
18981,6327,0
18982,6327,1
18983,6327,2
18984,6328,0
18985,6328,1
18986,6328,2
18987,6329,0
18988,6329,1
18989,6329,2
18990,6330,0
18991,6330,1
18992,6330,2
18993,6331,0
18994,6331,1
18995,6331,2
18996,6332,0
18997,6332,1
18998,6332,2
18999,6333,0
19000,6333,1
19001,6333,2
19002,6334,0
19003,6334,1
19004,6334,2
19005,6335,0
19006,6335,1
19007,6335,2
19008,6336,0
19009,6336,1
19010,6336,2
19011,6337,0
19012,6337,1
19013,6337,2
19014,6338,0
19015,6338,1
19016,6338,2
19017,6339,0
19018,6339,1
19019,6339,2
19020,6340,0
19021,6340,1
19022,6340,2
19023,6341,0
19024,6341,1
19025,6341,2
19026,6342,0
19027,6342,1
19028,6342,2
19029,6343,0
19030,6343,1
19031,6343,2
19032,6344,0
19033,6344,1
19034,6344,2
19035,6345,0
19036,6345,1
19037,6345,2
19038,6346,0
19039,6346,1
19040,6346,2
19041,6347,0
19042,6347,1
19043,6347,2
19044,6348,0
19045,6348,1
19046,6348,2
19047,6349,0
19048,6349,1
19049,6349,2
19050,6350,0
19051,6350,1
19052,6350,2
19053,6351,0
19054,6351,1
19055,6351,2
19056,6352,0
19057,6352,1
19058,6352,2
19059,6353,0
19060,6353,1
19061,6353,2
19062,6354,0
19063,6354,1
19064,6354,2
19065,6355,0
19066,6355,1
19067,6355,2
19068,6356,0
19069,6356,1
19070,6356,2
19071,6357,0
19072,6357,1
19073,6357,2
19074,6358,0
19075,6358,1
19076,6358,2
19077,6359,0
19078,6359,1
19079,6359,2
19080,6360,0
19081,6360,1
19082,6360,2
19083,6361,0
19084,6361,1
19085,6361,2
19086,6362,0
19087,6362,1
19088,6362,2
19089,6363,0
19090,6363,1
19091,6363,2
19092,6364,0
19093,6364,1
19094,6364,2
19095,6365,0
19096,6365,1
19097,6365,2
19098,6366,0
19099,6366,1
19100,6366,2
19101,6367,0
19102,6367,1
19103,6367,2
19104,6368,0
19105,6368,1
19106,6368,2
19107,6369,0
19108,6369,1
19109,6369,2
19110,6370,0
19111,6370,1
19112,6370,2
19113,6371,0
19114,6371,1
19115,6371,2
19116,6372,0
19117,6372,1
19118,6372,2
19119,6373,0
19120,6373,1
19121,6373,2
19122,6374,0
19123,6374,1
19124,6374,2
19125,6375,0
19126,6375,1
19127,6375,2
19128,6376,0
19129,6376,1
19130,6376,2
19131,6377,0
19132,6377,1
19133,6377,2
19134,6378,0
19135,6378,1
19136,6378,2
19137,6379,0
19138,6379,1
19139,6379,2
19140,6380,0
19141,6380,1
19142,6380,2
19143,6381,0
19144,6381,1
19145,6381,2
19146,6382,0
19147,6382,1
19148,6382,2
19149,6383,0
19150,6383,1
19151,6383,2
19152,6384,0
19153,6384,1
19154,6384,2
19155,6385,0
19156,6385,1
19157,6385,2
19158,6386,0
19159,6386,1
19160,6386,2
19161,6387,0
19162,6387,1
19163,6387,2
19164,6388,0
19165,6388,1
19166,6388,2
19167,6389,0
19168,6389,1
19169,6389,2
19170,6390,0
19171,6390,1
19172,6390,2
19173,6391,0
19174,6391,1
19175,6391,2
19176,6392,0
19177,6392,1
19178,6392,2
19179,6393,0
19180,6393,1
19181,6393,2
19182,6394,0
19183,6394,1
19184,6394,2
19185,6395,0
19186,6395,1
19187,6395,2
19188,6396,0
19189,6396,1
19190,6396,2
19191,6397,0
19192,6397,1
19193,6397,2
19194,6398,0
19195,6398,1
19196,6398,2
19197,6399,0
19198,6399,1
19199,6399,2
19200,6400,0
19201,6400,1
19202,6400,2
19203,6401,0
19204,6401,1
19205,6401,2
19206,6402,0
19207,6402,1
19208,6402,2
19209,6403,0
19210,6403,1
19211,6403,2
19212,6404,0
19213,6404,1
19214,6404,2
19215,6405,0
19216,6405,1
19217,6405,2
19218,6406,0
19219,6406,1
19220,6406,2
19221,6407,0
19222,6407,1
19223,6407,2
19224,6408,0
19225,6408,1
19226,6408,2
19227,6409,0
19228,6409,1
19229,6409,2
19230,6410,0
19231,6410,1
19232,6410,2
19233,6411,0
19234,6411,1
19235,6411,2
19236,6412,0
19237,6412,1
19238,6412,2
19239,6413,0
19240,6413,1
19241,6413,2
19242,6414,0
19243,6414,1
19244,6414,2
19245,6415,0
19246,6415,1
19247,6415,2
19248,6416,0
19249,6416,1
19250,6416,2
19251,6417,0
19252,6417,1
19253,6417,2
19254,6418,0
19255,6418,1
19256,6418,2
19257,6419,0
19258,6419,1
19259,6419,2
19260,6420,0
19261,6420,1
19262,6420,2
19263,6421,0
19264,6421,1
19265,6421,2
19266,6422,0
19267,6422,1
19268,6422,2
19269,6423,0
19270,6423,1
19271,6423,2
19272,6424,0
19273,6424,1
19274,6424,2
19275,6425,0
19276,6425,1
19277,6425,2
19278,6426,0
19279,6426,1
19280,6426,2
19281,6427,0
19282,6427,1
19283,6427,2
19284,6428,0
19285,6428,1
19286,6428,2
19287,6429,0
19288,6429,1
19289,6429,2
19290,6430,0
19291,6430,1
19292,6430,2
19293,6431,0
19294,6431,1
19295,6431,2
19296,6432,0
19297,6432,1
19298,6432,2
19299,6433,0
19300,6433,1
19301,6433,2
19302,6434,0
19303,6434,1
19304,6434,2
19305,6435,0
19306,6435,1
19307,6435,2
19308,6436,0
19309,6436,1
19310,6436,2
19311,6437,0
19312,6437,1
19313,6437,2
19314,6438,0
19315,6438,1
19316,6438,2
19317,6439,0
19318,6439,1
19319,6439,2
19320,6440,0
19321,6440,1
19322,6440,2
19323,6441,0
19324,6441,1
19325,6441,2
19326,6442,0
19327,6442,1
19328,6442,2
19329,6443,0
19330,6443,1
19331,6443,2
19332,6444,0
19333,6444,1
19334,6444,2
19335,6445,0
19336,6445,1
19337,6445,2
19338,6446,0
19339,6446,1
19340,6446,2
19341,6447,0
19342,6447,1
19343,6447,2
19344,6448,0
19345,6448,1
19346,6448,2
19347,6449,0
19348,6449,1
19349,6449,2
19350,6450,0
19351,6450,1
19352,6450,2
19353,6451,0
19354,6451,1
19355,6451,2
19356,6452,0
19357,6452,1
19358,6452,2
19359,6453,0
19360,6453,1
19361,6453,2
19362,6454,0
19363,6454,1
19364,6454,2
19365,6455,0
19366,6455,1
19367,6455,2
19368,6456,0
19369,6456,1
19370,6456,2
19371,6457,0
19372,6457,1
19373,6457,2
19374,6458,0
19375,6458,1
19376,6458,2
19377,6459,0
19378,6459,1
19379,6459,2
19380,6460,0
19381,6460,1
19382,6460,2
19383,6461,0
19384,6461,1
19385,6461,2
19386,6462,0
19387,6462,1
19388,6462,2
19389,6463,0
19390,6463,1
19391,6463,2
19392,6464,0
19393,6464,1
19394,6464,2
19395,6465,0
19396,6465,1
19397,6465,2
19398,6466,0
19399,6466,1
19400,6466,2
19401,6467,0
19402,6467,1
19403,6467,2
19404,6468,0
19405,6468,1
19406,6468,2
19407,6469,0
19408,6469,1
19409,6469,2
19410,6470,0
19411,6470,1
19412,6470,2
19413,6471,0
19414,6471,1
19415,6471,2
19416,6472,0
19417,6472,1
19418,6472,2
19419,6473,0
19420,6473,1
19421,6473,2
19422,6474,0
19423,6474,1
19424,6474,2
19425,6475,0
19426,6475,1
19427,6475,2
19428,6476,0
19429,6476,1
19430,6476,2
19431,6477,0
19432,6477,1
19433,6477,2
19434,6478,0
19435,6478,1
19436,6478,2
19437,6479,0
19438,6479,1
19439,6479,2
19440,6480,0
19441,6480,1
19442,6480,2
19443,6481,0
19444,6481,1
19445,6481,2
19446,6482,0
19447,6482,1
19448,6482,2
19449,6483,0
19450,6483,1
19451,6483,2
19452,6484,0
19453,6484,1
19454,6484,2
19455,6485,0
19456,6485,1
19457,6485,2
19458,6486,0
19459,6486,1
19460,6486,2
19461,6487,0
19462,6487,1
19463,6487,2
19464,6488,0
19465,6488,1
19466,6488,2
19467,6489,0
19468,6489,1
19469,6489,2
19470,6490,0
19471,6490,1
19472,6490,2
19473,6491,0
19474,6491,1
19475,6491,2
19476,6492,0
19477,6492,1
19478,6492,2
19479,6493,0
19480,6493,1
19481,6493,2
19482,6494,0
19483,6494,1
19484,6494,2
19485,6495,0
19486,6495,1
19487,6495,2
19488,6496,0
19489,6496,1
19490,6496,2
19491,6497,0
19492,6497,1
19493,6497,2
19494,6498,0
19495,6498,1
19496,6498,2
19497,6499,0
19498,6499,1
19499,6499,2
19500,6500,0
19501,6500,1
19502,6500,2
19503,6501,0
19504,6501,1
19505,6501,2
19506,6502,0
19507,6502,1
19508,6502,2
19509,6503,0
19510,6503,1
19511,6503,2
19512,6504,0
19513,6504,1
19514,6504,2
19515,6505,0
19516,6505,1
19517,6505,2
19518,6506,0
19519,6506,1
19520,6506,2
19521,6507,0
19522,6507,1
19523,6507,2
19524,6508,0
19525,6508,1
19526,6508,2
19527,6509,0
19528,6509,1
19529,6509,2
19530,6510,0
19531,6510,1
19532,6510,2
19533,6511,0
19534,6511,1
19535,6511,2
19536,6512,0
19537,6512,1
19538,6512,2
19539,6513,0
19540,6513,1
19541,6513,2
19542,6514,0
19543,6514,1
19544,6514,2
19545,6515,0
19546,6515,1
19547,6515,2
19548,6516,0
19549,6516,1
19550,6516,2
19551,6517,0
19552,6517,1
19553,6517,2
19554,6518,0
19555,6518,1
19556,6518,2
19557,6519,0
19558,6519,1
19559,6519,2
19560,6520,0
19561,6520,1
19562,6520,2
19563,6521,0
19564,6521,1
19565,6521,2
19566,6522,0
19567,6522,1
19568,6522,2
19569,6523,0
19570,6523,1
19571,6523,2
19572,6524,0
19573,6524,1
19574,6524,2
19575,6525,0
19576,6525,1
19577,6525,2
19578,6526,0
19579,6526,1
19580,6526,2
19581,6527,0
19582,6527,1
19583,6527,2
19584,6528,0
19585,6528,1
19586,6528,2
19587,6529,0
19588,6529,1
19589,6529,2
19590,6530,0
19591,6530,1
19592,6530,2
19593,6531,0
19594,6531,1
19595,6531,2
19596,6532,0
19597,6532,1
19598,6532,2
19599,6533,0
19600,6533,1
19601,6533,2
19602,6534,0
19603,6534,1
19604,6534,2
19605,6535,0
19606,6535,1
19607,6535,2
19608,6536,0
19609,6536,1
19610,6536,2
19611,6537,0
19612,6537,1
19613,6537,2
19614,6538,0
19615,6538,1
19616,6538,2
19617,6539,0
19618,6539,1
19619,6539,2
19620,6540,0
19621,6540,1
19622,6540,2
19623,6541,0
19624,6541,1
19625,6541,2
19626,6542,0
19627,6542,1
19628,6542,2
19629,6543,0
19630,6543,1
19631,6543,2
19632,6544,0
19633,6544,1
19634,6544,2
19635,6545,0
19636,6545,1
19637,6545,2
19638,6546,0
19639,6546,1
19640,6546,2
19641,6547,0
19642,6547,1
19643,6547,2
19644,6548,0
19645,6548,1
19646,6548,2
19647,6549,0
19648,6549,1
19649,6549,2
19650,6550,0
19651,6550,1
19652,6550,2
19653,6551,0
19654,6551,1
19655,6551,2
19656,6552,0
19657,6552,1
19658,6552,2
19659,6553,0
19660,6553,1
19661,6553,2
19662,6554,0
19663,6554,1
19664,6554,2
19665,6555,0
19666,6555,1
19667,6555,2
19668,6556,0
19669,6556,1
19670,6556,2
19671,6557,0
19672,6557,1
19673,6557,2
19674,6558,0
19675,6558,1
19676,6558,2
19677,6559,0
19678,6559,1
19679,6559,2
19680,6560,0
19681,6560,1
19682,6560,2
19683,6561,0
19684,6561,1
19685,6561,2
19686,6562,0
19687,6562,1
19688,6562,2
19689,6563,0
19690,6563,1
19691,6563,2
19692,6564,0
19693,6564,1
19694,6564,2
19695,6565,0
19696,6565,1
19697,6565,2
19698,6566,0
19699,6566,1
19700,6566,2
19701,6567,0
19702,6567,1
19703,6567,2
19704,6568,0
19705,6568,1
19706,6568,2
19707,6569,0
19708,6569,1
19709,6569,2
19710,6570,0
19711,6570,1
19712,6570,2
19713,6571,0
19714,6571,1
19715,6571,2
19716,6572,0
19717,6572,1
19718,6572,2
19719,6573,0
19720,6573,1
19721,6573,2
19722,6574,0
19723,6574,1
19724,6574,2
19725,6575,0
19726,6575,1
19727,6575,2
19728,6576,0
19729,6576,1
19730,6576,2
19731,6577,0
19732,6577,1
19733,6577,2
19734,6578,0
19735,6578,1
19736,6578,2
19737,6579,0
19738,6579,1
19739,6579,2
19740,6580,0
19741,6580,1
19742,6580,2
19743,6581,0
19744,6581,1
19745,6581,2
19746,6582,0
19747,6582,1
19748,6582,2
19749,6583,0
19750,6583,1
19751,6583,2
19752,6584,0
19753,6584,1
19754,6584,2
19755,6585,0
19756,6585,1
19757,6585,2
19758,6586,0
19759,6586,1
19760,6586,2
19761,6587,0
19762,6587,1
19763,6587,2
19764,6588,0
19765,6588,1
19766,6588,2
19767,6589,0
19768,6589,1
19769,6589,2
19770,6590,0
19771,6590,1
19772,6590,2
19773,6591,0
19774,6591,1
19775,6591,2
19776,6592,0
19777,6592,1
19778,6592,2
19779,6593,0
19780,6593,1
19781,6593,2
19782,6594,0
19783,6594,1
19784,6594,2
19785,6595,0
19786,6595,1
19787,6595,2
19788,6596,0
19789,6596,1
19790,6596,2
19791,6597,0
19792,6597,1
19793,6597,2
19794,6598,0
19795,6598,1
19796,6598,2
19797,6599,0
19798,6599,1
19799,6599,2
19800,6600,0
19801,6600,1
19802,6600,2
19803,6601,0
19804,6601,1
19805,6601,2
19806,6602,0
19807,6602,1
19808,6602,2
19809,6603,0
19810,6603,1
19811,6603,2
19812,6604,0
19813,6604,1
19814,6604,2
19815,6605,0
19816,6605,1
19817,6605,2
19818,6606,0
19819,6606,1
19820,6606,2
19821,6607,0
19822,6607,1
19823,6607,2
19824,6608,0
19825,6608,1
19826,6608,2
19827,6609,0
19828,6609,1
19829,6609,2
19830,6610,0
19831,6610,1
19832,6610,2
19833,6611,0
19834,6611,1
19835,6611,2
19836,6612,0
19837,6612,1
19838,6612,2
19839,6613,0
19840,6613,1
19841,6613,2
19842,6614,0
19843,6614,1
19844,6614,2
19845,6615,0
19846,6615,1
19847,6615,2
19848,6616,0
19849,6616,1
19850,6616,2
19851,6617,0
19852,6617,1
19853,6617,2
19854,6618,0
19855,6618,1
19856,6618,2
19857,6619,0
19858,6619,1
19859,6619,2
19860,6620,0
19861,6620,1
19862,6620,2
19863,6621,0
19864,6621,1
19865,6621,2
19866,6622,0
19867,6622,1
19868,6622,2
19869,6623,0
19870,6623,1
19871,6623,2
19872,6624,0
19873,6624,1
19874,6624,2
19875,6625,0
19876,6625,1
19877,6625,2
19878,6626,0
19879,6626,1
19880,6626,2
19881,6627,0
19882,6627,1
19883,6627,2
19884,6628,0
19885,6628,1
19886,6628,2
19887,6629,0
19888,6629,1
19889,6629,2
19890,6630,0
19891,6630,1
19892,6630,2
19893,6631,0
19894,6631,1
19895,6631,2
19896,6632,0
19897,6632,1
19898,6632,2
19899,6633,0
19900,6633,1
19901,6633,2
19902,6634,0
19903,6634,1
19904,6634,2
19905,6635,0
19906,6635,1
19907,6635,2
19908,6636,0
19909,6636,1
19910,6636,2
19911,6637,0
19912,6637,1
19913,6637,2
19914,6638,0
19915,6638,1
19916,6638,2
19917,6639,0
19918,6639,1
19919,6639,2
19920,6640,0
19921,6640,1
19922,6640,2
19923,6641,0
19924,6641,1
19925,6641,2
19926,6642,0
19927,6642,1
19928,6642,2
19929,6643,0
19930,6643,1
19931,6643,2
19932,6644,0
19933,6644,1
19934,6644,2
19935,6645,0
19936,6645,1
19937,6645,2
19938,6646,0
19939,6646,1
19940,6646,2
19941,6647,0
19942,6647,1
19943,6647,2
19944,6648,0
19945,6648,1
19946,6648,2
19947,6649,0
19948,6649,1
19949,6649,2
19950,6650,0
19951,6650,1
19952,6650,2
19953,6651,0
19954,6651,1
19955,6651,2
19956,6652,0
19957,6652,1
19958,6652,2
19959,6653,0
19960,6653,1
19961,6653,2
19962,6654,0
19963,6654,1
19964,6654,2
19965,6655,0
19966,6655,1
19967,6655,2
19968,6656,0
19969,6656,1
19970,6656,2
19971,6657,0
19972,6657,1
19973,6657,2
19974,6658,0
19975,6658,1
19976,6658,2
19977,6659,0
19978,6659,1
19979,6659,2
19980,6660,0
19981,6660,1
19982,6660,2
19983,6661,0
19984,6661,1
19985,6661,2
19986,6662,0
19987,6662,1
19988,6662,2
19989,6663,0
19990,6663,1
19991,6663,2
19992,6664,0
19993,6664,1
19994,6664,2
19995,6665,0
19996,6665,1
19997,6665,2
19998,6666,0
19999,6666,1
20000,6666,2
20001,6667,0
20002,6667,1
20003,6667,2
20004,6668,0
20005,6668,1
20006,6668,2
20007,6669,0
20008,6669,1
20009,6669,2
20010,6670,0
20011,6670,1
20012,6670,2
20013,6671,0
20014,6671,1
20015,6671,2
20016,6672,0
20017,6672,1
20018,6672,2
20019,6673,0
20020,6673,1
20021,6673,2
20022,6674,0
20023,6674,1
20024,6674,2
20025,6675,0
20026,6675,1
20027,6675,2
20028,6676,0
20029,6676,1
20030,6676,2
20031,6677,0
20032,6677,1
20033,6677,2
20034,6678,0
20035,6678,1
20036,6678,2
20037,6679,0
20038,6679,1
20039,6679,2
20040,6680,0
20041,6680,1
20042,6680,2
20043,6681,0
20044,6681,1
20045,6681,2
20046,6682,0
20047,6682,1
20048,6682,2
20049,6683,0
20050,6683,1
20051,6683,2
20052,6684,0
20053,6684,1
20054,6684,2
20055,6685,0
20056,6685,1
20057,6685,2
20058,6686,0
20059,6686,1
20060,6686,2
20061,6687,0
20062,6687,1
20063,6687,2
20064,6688,0
20065,6688,1
20066,6688,2
20067,6689,0
20068,6689,1
20069,6689,2
20070,6690,0
20071,6690,1
20072,6690,2
20073,6691,0
20074,6691,1
20075,6691,2
20076,6692,0
20077,6692,1
20078,6692,2
20079,6693,0
20080,6693,1
20081,6693,2
20082,6694,0
20083,6694,1
20084,6694,2
20085,6695,0
20086,6695,1
20087,6695,2
20088,6696,0
20089,6696,1
20090,6696,2
20091,6697,0
20092,6697,1
20093,6697,2
20094,6698,0
20095,6698,1
20096,6698,2
20097,6699,0
20098,6699,1
20099,6699,2
20100,6700,0
20101,6700,1
20102,6700,2
20103,6701,0
20104,6701,1
20105,6701,2
20106,6702,0
20107,6702,1
20108,6702,2
20109,6703,0
20110,6703,1
20111,6703,2
20112,6704,0
20113,6704,1
20114,6704,2
20115,6705,0
20116,6705,1
20117,6705,2
20118,6706,0
20119,6706,1
20120,6706,2
20121,6707,0
20122,6707,1
20123,6707,2
20124,6708,0
20125,6708,1
20126,6708,2
20127,6709,0
20128,6709,1
20129,6709,2
20130,6710,0
20131,6710,1
20132,6710,2
20133,6711,0
20134,6711,1
20135,6711,2
20136,6712,0
20137,6712,1
20138,6712,2
20139,6713,0
20140,6713,1
20141,6713,2
20142,6714,0
20143,6714,1
20144,6714,2
20145,6715,0
20146,6715,1
20147,6715,2
20148,6716,0
20149,6716,1
20150,6716,2
20151,6717,0
20152,6717,1
20153,6717,2
20154,6718,0
20155,6718,1
20156,6718,2
20157,6719,0
20158,6719,1
20159,6719,2
20160,6720,0
20161,6720,1
20162,6720,2
20163,6721,0
20164,6721,1
20165,6721,2
20166,6722,0
20167,6722,1
20168,6722,2
20169,6723,0
20170,6723,1
20171,6723,2
20172,6724,0
20173,6724,1
20174,6724,2
20175,6725,0
20176,6725,1
20177,6725,2
20178,6726,0
20179,6726,1
20180,6726,2
20181,6727,0
20182,6727,1
20183,6727,2
20184,6728,0
20185,6728,1
20186,6728,2
20187,6729,0
20188,6729,1
20189,6729,2
20190,6730,0
20191,6730,1
20192,6730,2
20193,6731,0
20194,6731,1
20195,6731,2
20196,6732,0
20197,6732,1
20198,6732,2
20199,6733,0
20200,6733,1
20201,6733,2
20202,6734,0
20203,6734,1
20204,6734,2
20205,6735,0
20206,6735,1
20207,6735,2
20208,6736,0
20209,6736,1
20210,6736,2
20211,6737,0
20212,6737,1
20213,6737,2
20214,6738,0
20215,6738,1
20216,6738,2
20217,6739,0
20218,6739,1
20219,6739,2
20220,6740,0
20221,6740,1
20222,6740,2
20223,6741,0
20224,6741,1
20225,6741,2
20226,6742,0
20227,6742,1
20228,6742,2
20229,6743,0
20230,6743,1
20231,6743,2
20232,6744,0
20233,6744,1
20234,6744,2
20235,6745,0
20236,6745,1
20237,6745,2
20238,6746,0
20239,6746,1
20240,6746,2
20241,6747,0
20242,6747,1
20243,6747,2
20244,6748,0
20245,6748,1
20246,6748,2
20247,6749,0
20248,6749,1
20249,6749,2
20250,6750,0
20251,6750,1
20252,6750,2
20253,6751,0
20254,6751,1
20255,6751,2
20256,6752,0
20257,6752,1
20258,6752,2
20259,6753,0
20260,6753,1
20261,6753,2
20262,6754,0
20263,6754,1
20264,6754,2
20265,6755,0
20266,6755,1
20267,6755,2
20268,6756,0
20269,6756,1
20270,6756,2
20271,6757,0
20272,6757,1
20273,6757,2
20274,6758,0
20275,6758,1
20276,6758,2
20277,6759,0
20278,6759,1
20279,6759,2
20280,6760,0
20281,6760,1
20282,6760,2
20283,6761,0
20284,6761,1
20285,6761,2
20286,6762,0
20287,6762,1
20288,6762,2
20289,6763,0
20290,6763,1
20291,6763,2
20292,6764,0
20293,6764,1
20294,6764,2
20295,6765,0
20296,6765,1
20297,6765,2
20298,6766,0
20299,6766,1
20300,6766,2
20301,6767,0
20302,6767,1
20303,6767,2
20304,6768,0
20305,6768,1
20306,6768,2
20307,6769,0
20308,6769,1
20309,6769,2
20310,6770,0
20311,6770,1
20312,6770,2
20313,6771,0
20314,6771,1
20315,6771,2
20316,6772,0
20317,6772,1
20318,6772,2
20319,6773,0
20320,6773,1
20321,6773,2
20322,6774,0
20323,6774,1
20324,6774,2
20325,6775,0
20326,6775,1
20327,6775,2
20328,6776,0
20329,6776,1
20330,6776,2
20331,6777,0
20332,6777,1
20333,6777,2
20334,6778,0
20335,6778,1
20336,6778,2
20337,6779,0
20338,6779,1
20339,6779,2
20340,6780,0
20341,6780,1
20342,6780,2
20343,6781,0
20344,6781,1
20345,6781,2
20346,6782,0
20347,6782,1
20348,6782,2
20349,6783,0
20350,6783,1
20351,6783,2
20352,6784,0
20353,6784,1
20354,6784,2
20355,6785,0
20356,6785,1
20357,6785,2
20358,6786,0
20359,6786,1
20360,6786,2
20361,6787,0
20362,6787,1
20363,6787,2
20364,6788,0
20365,6788,1
20366,6788,2
20367,6789,0
20368,6789,1
20369,6789,2
20370,6790,0
20371,6790,1
20372,6790,2
20373,6791,0
20374,6791,1
20375,6791,2
20376,6792,0
20377,6792,1
20378,6792,2
20379,6793,0
20380,6793,1
20381,6793,2
20382,6794,0
20383,6794,1
20384,6794,2
20385,6795,0
20386,6795,1
20387,6795,2
20388,6796,0
20389,6796,1
20390,6796,2
20391,6797,0
20392,6797,1
20393,6797,2
20394,6798,0
20395,6798,1
20396,6798,2
20397,6799,0
20398,6799,1
20399,6799,2
20400,6800,0
20401,6800,1
20402,6800,2
20403,6801,0
20404,6801,1
20405,6801,2
20406,6802,0
20407,6802,1
20408,6802,2
20409,6803,0
20410,6803,1
20411,6803,2
20412,6804,0
20413,6804,1
20414,6804,2
20415,6805,0
20416,6805,1
20417,6805,2
20418,6806,0
20419,6806,1
20420,6806,2
20421,6807,0
20422,6807,1
20423,6807,2
20424,6808,0
20425,6808,1
20426,6808,2
20427,6809,0
20428,6809,1
20429,6809,2
20430,6810,0
20431,6810,1
20432,6810,2
20433,6811,0
20434,6811,1
20435,6811,2
20436,6812,0
20437,6812,1
20438,6812,2
20439,6813,0
20440,6813,1
20441,6813,2
20442,6814,0
20443,6814,1
20444,6814,2
20445,6815,0
20446,6815,1
20447,6815,2
20448,6816,0
20449,6816,1
20450,6816,2
20451,6817,0
20452,6817,1
20453,6817,2
20454,6818,0
20455,6818,1
20456,6818,2
20457,6819,0
20458,6819,1
20459,6819,2
20460,6820,0
20461,6820,1
20462,6820,2
20463,6821,0
20464,6821,1
20465,6821,2
20466,6822,0
20467,6822,1
20468,6822,2
20469,6823,0
20470,6823,1
20471,6823,2
20472,6824,0
20473,6824,1
20474,6824,2
20475,6825,0
20476,6825,1
20477,6825,2
20478,6826,0
20479,6826,1
20480,6826,2
20481,6827,0
20482,6827,1
20483,6827,2
20484,6828,0
20485,6828,1
20486,6828,2
20487,6829,0
20488,6829,1
20489,6829,2
20490,6830,0
20491,6830,1
20492,6830,2
20493,6831,0
20494,6831,1
20495,6831,2
20496,6832,0
20497,6832,1
20498,6832,2
20499,6833,0
20500,6833,1
20501,6833,2
20502,6834,0
20503,6834,1
20504,6834,2
20505,6835,0
20506,6835,1
20507,6835,2
20508,6836,0
20509,6836,1
20510,6836,2
20511,6837,0
20512,6837,1
20513,6837,2
20514,6838,0
20515,6838,1
20516,6838,2
20517,6839,0
20518,6839,1
20519,6839,2
20520,6840,0
20521,6840,1
20522,6840,2
20523,6841,0
20524,6841,1
20525,6841,2
20526,6842,0
20527,6842,1
20528,6842,2
20529,6843,0
20530,6843,1
20531,6843,2
20532,6844,0
20533,6844,1
20534,6844,2
20535,6845,0
20536,6845,1
20537,6845,2
20538,6846,0
20539,6846,1
20540,6846,2
20541,6847,0
20542,6847,1
20543,6847,2
20544,6848,0
20545,6848,1
20546,6848,2
20547,6849,0
20548,6849,1
20549,6849,2
20550,6850,0
20551,6850,1
20552,6850,2
20553,6851,0
20554,6851,1
20555,6851,2
20556,6852,0
20557,6852,1
20558,6852,2
20559,6853,0
20560,6853,1
20561,6853,2
20562,6854,0
20563,6854,1
20564,6854,2
20565,6855,0
20566,6855,1
20567,6855,2
20568,6856,0
20569,6856,1
20570,6856,2
20571,6857,0
20572,6857,1
20573,6857,2
20574,6858,0
20575,6858,1
20576,6858,2
20577,6859,0
20578,6859,1
20579,6859,2
20580,6860,0
20581,6860,1
20582,6860,2
20583,6861,0
20584,6861,1
20585,6861,2
20586,6862,0
20587,6862,1
20588,6862,2
20589,6863,0
20590,6863,1
20591,6863,2
20592,6864,0
20593,6864,1
20594,6864,2
20595,6865,0
20596,6865,1
20597,6865,2
20598,6866,0
20599,6866,1
20600,6866,2
20601,6867,0
20602,6867,1
20603,6867,2
20604,6868,0
20605,6868,1
20606,6868,2
20607,6869,0
20608,6869,1
20609,6869,2
20610,6870,0
20611,6870,1
20612,6870,2
20613,6871,0
20614,6871,1
20615,6871,2
20616,6872,0
20617,6872,1
20618,6872,2
20619,6873,0
20620,6873,1
20621,6873,2
20622,6874,0
20623,6874,1
20624,6874,2
20625,6875,0
20626,6875,1
20627,6875,2
20628,6876,0
20629,6876,1
20630,6876,2
20631,6877,0
20632,6877,1
20633,6877,2
20634,6878,0
20635,6878,1
20636,6878,2
20637,6879,0
20638,6879,1
20639,6879,2
20640,6880,0
20641,6880,1
20642,6880,2
20643,6881,0
20644,6881,1
20645,6881,2
20646,6882,0
20647,6882,1
20648,6882,2
20649,6883,0
20650,6883,1
20651,6883,2
20652,6884,0
20653,6884,1
20654,6884,2
20655,6885,0
20656,6885,1
20657,6885,2
20658,6886,0
20659,6886,1
20660,6886,2
20661,6887,0
20662,6887,1
20663,6887,2
20664,6888,0
20665,6888,1
20666,6888,2
20667,6889,0
20668,6889,1
20669,6889,2
20670,6890,0
20671,6890,1
20672,6890,2
20673,6891,0
20674,6891,1
20675,6891,2
20676,6892,0
20677,6892,1
20678,6892,2
20679,6893,0
20680,6893,1
20681,6893,2
20682,6894,0
20683,6894,1
20684,6894,2
20685,6895,0
20686,6895,1
20687,6895,2
20688,6896,0
20689,6896,1
20690,6896,2
20691,6897,0
20692,6897,1
20693,6897,2
20694,6898,0
20695,6898,1
20696,6898,2
20697,6899,0
20698,6899,1
20699,6899,2
20700,6900,0
20701,6900,1
20702,6900,2
20703,6901,0
20704,6901,1
20705,6901,2
20706,6902,0
20707,6902,1
20708,6902,2
20709,6903,0
20710,6903,1
20711,6903,2
20712,6904,0
20713,6904,1
20714,6904,2
20715,6905,0
20716,6905,1
20717,6905,2
20718,6906,0
20719,6906,1
20720,6906,2
20721,6907,0
20722,6907,1
20723,6907,2
20724,6908,0
20725,6908,1
20726,6908,2
20727,6909,0
20728,6909,1
20729,6909,2
20730,6910,0
20731,6910,1
20732,6910,2
20733,6911,0
20734,6911,1
20735,6911,2
20736,6912,0
20737,6912,1
20738,6912,2
20739,6913,0
20740,6913,1
20741,6913,2
20742,6914,0
20743,6914,1
20744,6914,2
20745,6915,0
20746,6915,1
20747,6915,2
20748,6916,0
20749,6916,1
20750,6916,2
20751,6917,0
20752,6917,1
20753,6917,2
20754,6918,0
20755,6918,1
20756,6918,2
20757,6919,0
20758,6919,1
20759,6919,2
20760,6920,0
20761,6920,1
20762,6920,2
20763,6921,0
20764,6921,1
20765,6921,2
20766,6922,0
20767,6922,1
20768,6922,2
20769,6923,0
20770,6923,1
20771,6923,2
20772,6924,0
20773,6924,1
20774,6924,2
20775,6925,0
20776,6925,1
20777,6925,2
20778,6926,0
20779,6926,1
20780,6926,2
20781,6927,0
20782,6927,1
20783,6927,2
20784,6928,0
20785,6928,1
20786,6928,2
20787,6929,0
20788,6929,1
20789,6929,2
20790,6930,0
20791,6930,1
20792,6930,2
20793,6931,0
20794,6931,1
20795,6931,2
20796,6932,0
20797,6932,1
20798,6932,2
20799,6933,0
20800,6933,1
20801,6933,2
20802,6934,0
20803,6934,1
20804,6934,2
20805,6935,0
20806,6935,1
20807,6935,2
20808,6936,0
20809,6936,1
20810,6936,2
20811,6937,0
20812,6937,1
20813,6937,2
20814,6938,0
20815,6938,1
20816,6938,2
20817,6939,0
20818,6939,1
20819,6939,2
20820,6940,0
20821,6940,1
20822,6940,2
20823,6941,0
20824,6941,1
20825,6941,2
20826,6942,0
20827,6942,1
20828,6942,2
20829,6943,0
20830,6943,1
20831,6943,2
20832,6944,0
20833,6944,1
20834,6944,2
20835,6945,0
20836,6945,1
20837,6945,2
20838,6946,0
20839,6946,1
20840,6946,2
20841,6947,0
20842,6947,1
20843,6947,2
20844,6948,0
20845,6948,1
20846,6948,2
20847,6949,0
20848,6949,1
20849,6949,2
20850,6950,0
20851,6950,1
20852,6950,2
20853,6951,0
20854,6951,1
20855,6951,2
20856,6952,0
20857,6952,1
20858,6952,2
20859,6953,0
20860,6953,1
20861,6953,2
20862,6954,0
20863,6954,1
20864,6954,2
20865,6955,0
20866,6955,1
20867,6955,2
20868,6956,0
20869,6956,1
20870,6956,2
20871,6957,0
20872,6957,1
20873,6957,2
20874,6958,0
20875,6958,1
20876,6958,2
20877,6959,0
20878,6959,1
20879,6959,2
20880,6960,0
20881,6960,1
20882,6960,2
20883,6961,0
20884,6961,1
20885,6961,2
20886,6962,0
20887,6962,1
20888,6962,2
20889,6963,0
20890,6963,1
20891,6963,2
20892,6964,0
20893,6964,1
20894,6964,2
20895,6965,0
20896,6965,1
20897,6965,2
20898,6966,0
20899,6966,1
20900,6966,2
20901,6967,0
20902,6967,1
20903,6967,2
20904,6968,0
20905,6968,1
20906,6968,2
20907,6969,0
20908,6969,1
20909,6969,2
20910,6970,0
20911,6970,1
20912,6970,2
20913,6971,0
20914,6971,1
20915,6971,2
20916,6972,0
20917,6972,1
20918,6972,2
20919,6973,0
20920,6973,1
20921,6973,2
20922,6974,0
20923,6974,1
20924,6974,2
20925,6975,0
20926,6975,1
20927,6975,2
20928,6976,0
20929,6976,1
20930,6976,2
20931,6977,0
20932,6977,1
20933,6977,2
20934,6978,0
20935,6978,1
20936,6978,2
20937,6979,0
20938,6979,1
20939,6979,2
20940,6980,0
20941,6980,1
20942,6980,2
20943,6981,0
20944,6981,1
20945,6981,2
20946,6982,0
20947,6982,1
20948,6982,2
20949,6983,0
20950,6983,1
20951,6983,2
20952,6984,0
20953,6984,1
20954,6984,2
20955,6985,0
20956,6985,1
20957,6985,2
20958,6986,0
20959,6986,1
20960,6986,2
20961,6987,0
20962,6987,1
20963,6987,2
20964,6988,0
20965,6988,1
20966,6988,2
20967,6989,0
20968,6989,1
20969,6989,2
20970,6990,0
20971,6990,1
20972,6990,2
20973,6991,0
20974,6991,1
20975,6991,2
20976,6992,0
20977,6992,1
20978,6992,2
20979,6993,0
20980,6993,1
20981,6993,2
20982,6994,0
20983,6994,1
20984,6994,2
20985,6995,0
20986,6995,1
20987,6995,2
20988,6996,0
20989,6996,1
20990,6996,2
20991,6997,0
20992,6997,1
20993,6997,2
20994,6998,0
20995,6998,1
20996,6998,2
20997,6999,0
20998,6999,1
20999,6999,2
21000,7000,0
21001,7000,1
21002,7000,2
21003,7001,0
21004,7001,1
21005,7001,2
21006,7002,0
21007,7002,1
21008,7002,2
21009,7003,0
21010,7003,1
21011,7003,2
21012,7004,0
21013,7004,1
21014,7004,2
21015,7005,0
21016,7005,1
21017,7005,2
21018,7006,0
21019,7006,1
21020,7006,2
21021,7007,0
21022,7007,1
21023,7007,2
21024,7008,0
21025,7008,1
21026,7008,2
21027,7009,0
21028,7009,1
21029,7009,2
21030,7010,0
21031,7010,1
21032,7010,2
21033,7011,0
21034,7011,1
21035,7011,2
21036,7012,0
21037,7012,1
21038,7012,2
21039,7013,0
21040,7013,1
21041,7013,2
21042,7014,0
21043,7014,1
21044,7014,2
21045,7015,0
21046,7015,1
21047,7015,2
21048,7016,0
21049,7016,1
21050,7016,2
21051,7017,0
21052,7017,1
21053,7017,2
21054,7018,0
21055,7018,1
21056,7018,2
21057,7019,0
21058,7019,1
21059,7019,2
21060,7020,0
21061,7020,1
21062,7020,2
21063,7021,0
21064,7021,1
21065,7021,2
21066,7022,0
21067,7022,1
21068,7022,2
21069,7023,0
21070,7023,1
21071,7023,2
21072,7024,0
21073,7024,1
21074,7024,2
21075,7025,0
21076,7025,1
21077,7025,2
21078,7026,0
21079,7026,1
21080,7026,2
21081,7027,0
21082,7027,1
21083,7027,2
21084,7028,0
21085,7028,1
21086,7028,2
21087,7029,0
21088,7029,1
21089,7029,2
21090,7030,0
21091,7030,1
21092,7030,2
21093,7031,0
21094,7031,1
21095,7031,2
21096,7032,0
21097,7032,1
21098,7032,2
21099,7033,0
21100,7033,1
21101,7033,2
21102,7034,0
21103,7034,1
21104,7034,2
21105,7035,0
21106,7035,1
21107,7035,2
21108,7036,0
21109,7036,1
21110,7036,2
21111,7037,0
21112,7037,1
21113,7037,2
21114,7038,0
21115,7038,1
21116,7038,2
21117,7039,0
21118,7039,1
21119,7039,2
21120,7040,0
21121,7040,1
21122,7040,2
21123,7041,0
21124,7041,1
21125,7041,2
21126,7042,0
21127,7042,1
21128,7042,2
21129,7043,0
21130,7043,1
21131,7043,2
21132,7044,0
21133,7044,1
21134,7044,2
21135,7045,0
21136,7045,1
21137,7045,2
21138,7046,0
21139,7046,1
21140,7046,2
21141,7047,0
21142,7047,1
21143,7047,2
21144,7048,0
21145,7048,1
21146,7048,2
21147,7049,0
21148,7049,1
21149,7049,2
21150,7050,0
21151,7050,1
21152,7050,2
21153,7051,0
21154,7051,1
21155,7051,2
21156,7052,0
21157,7052,1
21158,7052,2
21159,7053,0
21160,7053,1
21161,7053,2
21162,7054,0
21163,7054,1
21164,7054,2
21165,7055,0
21166,7055,1
21167,7055,2
21168,7056,0
21169,7056,1
21170,7056,2
21171,7057,0
21172,7057,1
21173,7057,2
21174,7058,0
21175,7058,1
21176,7058,2
21177,7059,0
21178,7059,1
21179,7059,2
21180,7060,0
21181,7060,1
21182,7060,2
21183,7061,0
21184,7061,1
21185,7061,2
21186,7062,0
21187,7062,1
21188,7062,2
21189,7063,0
21190,7063,1
21191,7063,2
21192,7064,0
21193,7064,1
21194,7064,2
21195,7065,0
21196,7065,1
21197,7065,2
21198,7066,0
21199,7066,1
21200,7066,2
21201,7067,0
21202,7067,1
21203,7067,2
21204,7068,0
21205,7068,1
21206,7068,2
21207,7069,0
21208,7069,1
21209,7069,2
21210,7070,0
21211,7070,1
21212,7070,2
21213,7071,0
21214,7071,1
21215,7071,2
21216,7072,0
21217,7072,1
21218,7072,2
21219,7073,0
21220,7073,1
21221,7073,2
21222,7074,0
21223,7074,1
21224,7074,2
21225,7075,0
21226,7075,1
21227,7075,2
21228,7076,0
21229,7076,1
21230,7076,2
21231,7077,0
21232,7077,1
21233,7077,2
21234,7078,0
21235,7078,1
21236,7078,2
21237,7079,0
21238,7079,1
21239,7079,2
21240,7080,0
21241,7080,1
21242,7080,2
21243,7081,0
21244,7081,1
21245,7081,2
21246,7082,0
21247,7082,1
21248,7082,2
21249,7083,0
21250,7083,1
21251,7083,2
21252,7084,0
21253,7084,1
21254,7084,2
21255,7085,0
21256,7085,1
21257,7085,2
21258,7086,0
21259,7086,1
21260,7086,2
21261,7087,0
21262,7087,1
21263,7087,2
21264,7088,0
21265,7088,1
21266,7088,2
21267,7089,0
21268,7089,1
21269,7089,2
21270,7090,0
21271,7090,1
21272,7090,2
21273,7091,0
21274,7091,1
21275,7091,2
21276,7092,0
21277,7092,1
21278,7092,2
21279,7093,0
21280,7093,1
21281,7093,2
21282,7094,0
21283,7094,1
21284,7094,2
21285,7095,0
21286,7095,1
21287,7095,2
21288,7096,0
21289,7096,1
21290,7096,2
21291,7097,0
21292,7097,1
21293,7097,2
21294,7098,0
21295,7098,1
21296,7098,2
21297,7099,0
21298,7099,1
21299,7099,2
21300,7100,0
21301,7100,1
21302,7100,2
21303,7101,0
21304,7101,1
21305,7101,2
21306,7102,0
21307,7102,1
21308,7102,2
21309,7103,0
21310,7103,1
21311,7103,2
21312,7104,0
21313,7104,1
21314,7104,2
21315,7105,0
21316,7105,1
21317,7105,2
21318,7106,0
21319,7106,1
21320,7106,2
21321,7107,0
21322,7107,1
21323,7107,2
21324,7108,0
21325,7108,1
21326,7108,2
21327,7109,0
21328,7109,1
21329,7109,2
21330,7110,0
21331,7110,1
21332,7110,2
21333,7111,0
21334,7111,1
21335,7111,2
21336,7112,0
21337,7112,1
21338,7112,2
21339,7113,0
21340,7113,1
21341,7113,2
21342,7114,0
21343,7114,1
21344,7114,2
21345,7115,0
21346,7115,1
21347,7115,2
21348,7116,0
21349,7116,1
21350,7116,2
21351,7117,0
21352,7117,1
21353,7117,2
21354,7118,0
21355,7118,1
21356,7118,2
21357,7119,0
21358,7119,1
21359,7119,2
21360,7120,0
21361,7120,1
21362,7120,2
21363,7121,0
21364,7121,1
21365,7121,2
21366,7122,0
21367,7122,1
21368,7122,2
21369,7123,0
21370,7123,1
21371,7123,2
21372,7124,0
21373,7124,1
21374,7124,2
21375,7125,0
21376,7125,1
21377,7125,2
21378,7126,0
21379,7126,1
21380,7126,2
21381,7127,0
21382,7127,1
21383,7127,2
21384,7128,0
21385,7128,1
21386,7128,2
21387,7129,0
21388,7129,1
21389,7129,2
21390,7130,0
21391,7130,1
21392,7130,2
21393,7131,0
21394,7131,1
21395,7131,2
21396,7132,0
21397,7132,1
21398,7132,2
21399,7133,0
21400,7133,1
21401,7133,2
21402,7134,0
21403,7134,1
21404,7134,2
21405,7135,0
21406,7135,1
21407,7135,2
21408,7136,0
21409,7136,1
21410,7136,2
21411,7137,0
21412,7137,1
21413,7137,2
21414,7138,0
21415,7138,1
21416,7138,2
21417,7139,0
21418,7139,1
21419,7139,2
21420,7140,0
21421,7140,1
21422,7140,2
21423,7141,0
21424,7141,1
21425,7141,2
21426,7142,0
21427,7142,1
21428,7142,2
21429,7143,0
21430,7143,1
21431,7143,2
21432,7144,0
21433,7144,1
21434,7144,2
21435,7145,0
21436,7145,1
21437,7145,2
21438,7146,0
21439,7146,1
21440,7146,2
21441,7147,0
21442,7147,1
21443,7147,2
21444,7148,0
21445,7148,1
21446,7148,2
21447,7149,0
21448,7149,1
21449,7149,2
21450,7150,0
21451,7150,1
21452,7150,2
21453,7151,0
21454,7151,1
21455,7151,2
21456,7152,0
21457,7152,1
21458,7152,2
21459,7153,0
21460,7153,1
21461,7153,2
21462,7154,0
21463,7154,1
21464,7154,2
21465,7155,0
21466,7155,1
21467,7155,2
21468,7156,0
21469,7156,1
21470,7156,2
21471,7157,0
21472,7157,1
21473,7157,2
21474,7158,0
21475,7158,1
21476,7158,2
21477,7159,0
21478,7159,1
21479,7159,2
21480,7160,0
21481,7160,1
21482,7160,2
21483,7161,0
21484,7161,1
21485,7161,2
21486,7162,0
21487,7162,1
21488,7162,2
21489,7163,0
21490,7163,1
21491,7163,2
21492,7164,0
21493,7164,1
21494,7164,2
21495,7165,0
21496,7165,1
21497,7165,2
21498,7166,0
21499,7166,1
21500,7166,2
21501,7167,0
21502,7167,1
21503,7167,2
21504,7168,0
21505,7168,1
21506,7168,2
21507,7169,0
21508,7169,1
21509,7169,2
21510,7170,0
21511,7170,1
21512,7170,2
21513,7171,0
21514,7171,1
21515,7171,2
21516,7172,0
21517,7172,1
21518,7172,2
21519,7173,0
21520,7173,1
21521,7173,2
21522,7174,0
21523,7174,1
21524,7174,2
21525,7175,0
21526,7175,1
21527,7175,2
21528,7176,0
21529,7176,1
21530,7176,2
21531,7177,0
21532,7177,1
21533,7177,2
21534,7178,0
21535,7178,1
21536,7178,2
21537,7179,0
21538,7179,1
21539,7179,2
21540,7180,0
21541,7180,1
21542,7180,2
21543,7181,0
21544,7181,1
21545,7181,2
21546,7182,0
21547,7182,1
21548,7182,2
21549,7183,0
21550,7183,1
21551,7183,2
21552,7184,0
21553,7184,1
21554,7184,2
21555,7185,0
21556,7185,1
21557,7185,2
21558,7186,0
21559,7186,1
21560,7186,2
21561,7187,0
21562,7187,1
21563,7187,2
21564,7188,0
21565,7188,1
21566,7188,2
21567,7189,0
21568,7189,1
21569,7189,2
21570,7190,0
21571,7190,1
21572,7190,2
21573,7191,0
21574,7191,1
21575,7191,2
21576,7192,0
21577,7192,1
21578,7192,2
21579,7193,0
21580,7193,1
21581,7193,2
21582,7194,0
21583,7194,1
21584,7194,2
21585,7195,0
21586,7195,1
21587,7195,2
21588,7196,0
21589,7196,1
21590,7196,2
21591,7197,0
21592,7197,1
21593,7197,2
21594,7198,0
21595,7198,1
21596,7198,2
21597,7199,0
21598,7199,1
21599,7199,2
21600,7200,0
21601,7200,1
21602,7200,2
21603,7201,0
21604,7201,1
21605,7201,2
21606,7202,0
21607,7202,1
21608,7202,2
21609,7203,0
21610,7203,1
21611,7203,2
21612,7204,0
21613,7204,1
21614,7204,2
21615,7205,0
21616,7205,1
21617,7205,2
21618,7206,0
21619,7206,1
21620,7206,2
21621,7207,0
21622,7207,1
21623,7207,2
21624,7208,0
21625,7208,1
21626,7208,2
21627,7209,0
21628,7209,1
21629,7209,2
21630,7210,0
21631,7210,1
21632,7210,2
21633,7211,0
21634,7211,1
21635,7211,2
21636,7212,0
21637,7212,1
21638,7212,2
21639,7213,0
21640,7213,1
21641,7213,2
21642,7214,0
21643,7214,1
21644,7214,2
21645,7215,0
21646,7215,1
21647,7215,2
21648,7216,0
21649,7216,1
21650,7216,2
21651,7217,0
21652,7217,1
21653,7217,2
21654,7218,0
21655,7218,1
21656,7218,2
21657,7219,0
21658,7219,1
21659,7219,2
21660,7220,0
21661,7220,1
21662,7220,2
21663,7221,0
21664,7221,1
21665,7221,2
21666,7222,0
21667,7222,1
21668,7222,2
21669,7223,0
21670,7223,1
21671,7223,2
21672,7224,0
21673,7224,1
21674,7224,2
21675,7225,0
21676,7225,1
21677,7225,2
21678,7226,0
21679,7226,1
21680,7226,2
21681,7227,0
21682,7227,1
21683,7227,2
21684,7228,0
21685,7228,1
21686,7228,2
21687,7229,0
21688,7229,1
21689,7229,2
21690,7230,0
21691,7230,1
21692,7230,2
21693,7231,0
21694,7231,1
21695,7231,2
21696,7232,0
21697,7232,1
21698,7232,2
21699,7233,0
21700,7233,1
21701,7233,2
21702,7234,0
21703,7234,1
21704,7234,2
21705,7235,0
21706,7235,1
21707,7235,2
21708,7236,0
21709,7236,1
21710,7236,2
21711,7237,0
21712,7237,1
21713,7237,2
21714,7238,0
21715,7238,1
21716,7238,2
21717,7239,0
21718,7239,1
21719,7239,2
21720,7240,0
21721,7240,1
21722,7240,2
21723,7241,0
21724,7241,1
21725,7241,2
21726,7242,0
21727,7242,1
21728,7242,2
21729,7243,0
21730,7243,1
21731,7243,2
21732,7244,0
21733,7244,1
21734,7244,2
21735,7245,0
21736,7245,1
21737,7245,2
21738,7246,0
21739,7246,1
21740,7246,2
21741,7247,0
21742,7247,1
21743,7247,2
21744,7248,0
21745,7248,1
21746,7248,2
21747,7249,0
21748,7249,1
21749,7249,2
21750,7250,0
21751,7250,1
21752,7250,2
21753,7251,0
21754,7251,1
21755,7251,2
21756,7252,0
21757,7252,1
21758,7252,2
21759,7253,0
21760,7253,1
21761,7253,2
21762,7254,0
21763,7254,1
21764,7254,2
21765,7255,0
21766,7255,1
21767,7255,2
21768,7256,0
21769,7256,1
21770,7256,2
21771,7257,0
21772,7257,1
21773,7257,2
21774,7258,0
21775,7258,1
21776,7258,2
21777,7259,0
21778,7259,1
21779,7259,2
21780,7260,0
21781,7260,1
21782,7260,2
21783,7261,0
21784,7261,1
21785,7261,2
21786,7262,0
21787,7262,1
21788,7262,2
21789,7263,0
21790,7263,1
21791,7263,2
21792,7264,0
21793,7264,1
21794,7264,2
21795,7265,0
21796,7265,1
21797,7265,2
21798,7266,0
21799,7266,1
21800,7266,2
21801,7267,0
21802,7267,1
21803,7267,2
21804,7268,0
21805,7268,1
21806,7268,2
21807,7269,0
21808,7269,1
21809,7269,2
21810,7270,0
21811,7270,1
21812,7270,2
21813,7271,0
21814,7271,1
21815,7271,2
21816,7272,0
21817,7272,1
21818,7272,2
21819,7273,0
21820,7273,1
21821,7273,2
21822,7274,0
21823,7274,1
21824,7274,2
21825,7275,0
21826,7275,1
21827,7275,2
21828,7276,0
21829,7276,1
21830,7276,2
21831,7277,0
21832,7277,1
21833,7277,2
21834,7278,0
21835,7278,1
21836,7278,2
21837,7279,0
21838,7279,1
21839,7279,2
21840,7280,0
21841,7280,1
21842,7280,2
21843,7281,0
21844,7281,1
21845,7281,2
21846,7282,0
21847,7282,1
21848,7282,2
21849,7283,0
21850,7283,1
21851,7283,2
21852,7284,0
21853,7284,1
21854,7284,2
21855,7285,0
21856,7285,1
21857,7285,2
21858,7286,0
21859,7286,1
21860,7286,2
21861,7287,0
21862,7287,1
21863,7287,2
21864,7288,0
21865,7288,1
21866,7288,2
21867,7289,0
21868,7289,1
21869,7289,2
21870,7290,0
21871,7290,1
21872,7290,2
21873,7291,0
21874,7291,1
21875,7291,2
21876,7292,0
21877,7292,1
21878,7292,2
21879,7293,0
21880,7293,1
21881,7293,2
21882,7294,0
21883,7294,1
21884,7294,2
21885,7295,0
21886,7295,1
21887,7295,2
21888,7296,0
21889,7296,1
21890,7296,2
21891,7297,0
21892,7297,1
21893,7297,2
21894,7298,0
21895,7298,1
21896,7298,2
21897,7299,0
21898,7299,1
21899,7299,2
21900,7300,0
21901,7300,1
21902,7300,2
21903,7301,0
21904,7301,1
21905,7301,2
21906,7302,0
21907,7302,1
21908,7302,2
21909,7303,0
21910,7303,1
21911,7303,2
21912,7304,0
21913,7304,1
21914,7304,2
21915,7305,0
21916,7305,1
21917,7305,2
21918,7306,0
21919,7306,1
21920,7306,2
21921,7307,0
21922,7307,1
21923,7307,2
21924,7308,0
21925,7308,1
21926,7308,2
21927,7309,0
21928,7309,1
21929,7309,2
21930,7310,0
21931,7310,1
21932,7310,2
21933,7311,0
21934,7311,1
21935,7311,2
21936,7312,0
21937,7312,1
21938,7312,2
21939,7313,0
21940,7313,1
21941,7313,2
21942,7314,0
21943,7314,1
21944,7314,2
21945,7315,0
21946,7315,1
21947,7315,2
21948,7316,0
21949,7316,1
21950,7316,2
21951,7317,0
21952,7317,1
21953,7317,2
21954,7318,0
21955,7318,1
21956,7318,2
21957,7319,0
21958,7319,1
21959,7319,2
21960,7320,0
21961,7320,1
21962,7320,2
21963,7321,0
21964,7321,1
21965,7321,2
21966,7322,0
21967,7322,1
21968,7322,2
21969,7323,0
21970,7323,1
21971,7323,2
21972,7324,0
21973,7324,1
21974,7324,2
21975,7325,0
21976,7325,1
21977,7325,2
21978,7326,0
21979,7326,1
21980,7326,2
21981,7327,0
21982,7327,1
21983,7327,2
21984,7328,0
21985,7328,1
21986,7328,2
21987,7329,0
21988,7329,1
21989,7329,2
21990,7330,0
21991,7330,1
21992,7330,2
21993,7331,0
21994,7331,1
21995,7331,2
21996,7332,0
21997,7332,1
21998,7332,2
21999,7333,0
22000,7333,1
22001,7333,2
22002,7334,0
22003,7334,1
22004,7334,2
22005,7335,0
22006,7335,1
22007,7335,2
22008,7336,0
22009,7336,1
22010,7336,2
22011,7337,0
22012,7337,1
22013,7337,2
22014,7338,0
22015,7338,1
22016,7338,2
22017,7339,0
22018,7339,1
22019,7339,2
22020,7340,0
22021,7340,1
22022,7340,2
22023,7341,0
22024,7341,1
22025,7341,2
22026,7342,0
22027,7342,1
22028,7342,2
22029,7343,0
22030,7343,1
22031,7343,2
22032,7344,0
22033,7344,1
22034,7344,2
22035,7345,0
22036,7345,1
22037,7345,2
22038,7346,0
22039,7346,1
22040,7346,2
22041,7347,0
22042,7347,1
22043,7347,2
22044,7348,0
22045,7348,1
22046,7348,2
22047,7349,0
22048,7349,1
22049,7349,2
22050,7350,0
22051,7350,1
22052,7350,2
22053,7351,0
22054,7351,1
22055,7351,2
22056,7352,0
22057,7352,1
22058,7352,2
22059,7353,0
22060,7353,1
22061,7353,2
22062,7354,0
22063,7354,1
22064,7354,2
22065,7355,0
22066,7355,1
22067,7355,2
22068,7356,0
22069,7356,1
22070,7356,2
22071,7357,0
22072,7357,1
22073,7357,2
22074,7358,0
22075,7358,1
22076,7358,2
22077,7359,0
22078,7359,1
22079,7359,2
22080,7360,0
22081,7360,1
22082,7360,2
22083,7361,0
22084,7361,1
22085,7361,2
22086,7362,0
22087,7362,1
22088,7362,2
22089,7363,0
22090,7363,1
22091,7363,2
22092,7364,0
22093,7364,1
22094,7364,2
22095,7365,0
22096,7365,1
22097,7365,2
22098,7366,0
22099,7366,1
22100,7366,2
22101,7367,0
22102,7367,1
22103,7367,2
22104,7368,0
22105,7368,1
22106,7368,2
22107,7369,0
22108,7369,1
22109,7369,2
22110,7370,0
22111,7370,1
22112,7370,2
22113,7371,0
22114,7371,1
22115,7371,2
22116,7372,0
22117,7372,1
22118,7372,2
22119,7373,0
22120,7373,1
22121,7373,2
22122,7374,0
22123,7374,1
22124,7374,2
22125,7375,0
22126,7375,1
22127,7375,2
22128,7376,0
22129,7376,1
22130,7376,2
22131,7377,0
22132,7377,1
22133,7377,2
22134,7378,0
22135,7378,1
22136,7378,2
22137,7379,0
22138,7379,1
22139,7379,2
22140,7380,0
22141,7380,1
22142,7380,2
22143,7381,0
22144,7381,1
22145,7381,2
22146,7382,0
22147,7382,1
22148,7382,2
22149,7383,0
22150,7383,1
22151,7383,2
22152,7384,0
22153,7384,1
22154,7384,2
22155,7385,0
22156,7385,1
22157,7385,2
22158,7386,0
22159,7386,1
22160,7386,2
22161,7387,0
22162,7387,1
22163,7387,2
22164,7388,0
22165,7388,1
22166,7388,2
22167,7389,0
22168,7389,1
22169,7389,2
22170,7390,0
22171,7390,1
22172,7390,2
22173,7391,0
22174,7391,1
22175,7391,2
22176,7392,0
22177,7392,1
22178,7392,2
22179,7393,0
22180,7393,1
22181,7393,2
22182,7394,0
22183,7394,1
22184,7394,2
22185,7395,0
22186,7395,1
22187,7395,2
22188,7396,0
22189,7396,1
22190,7396,2
22191,7397,0
22192,7397,1
22193,7397,2
22194,7398,0
22195,7398,1
22196,7398,2
22197,7399,0
22198,7399,1
22199,7399,2
22200,7400,0
22201,7400,1
22202,7400,2
22203,7401,0
22204,7401,1
22205,7401,2
22206,7402,0
22207,7402,1
22208,7402,2
22209,7403,0
22210,7403,1
22211,7403,2
22212,7404,0
22213,7404,1
22214,7404,2
22215,7405,0
22216,7405,1
22217,7405,2
22218,7406,0
22219,7406,1
22220,7406,2
22221,7407,0
22222,7407,1
22223,7407,2
22224,7408,0
22225,7408,1
22226,7408,2
22227,7409,0
22228,7409,1
22229,7409,2
22230,7410,0
22231,7410,1
22232,7410,2
22233,7411,0
22234,7411,1
22235,7411,2
22236,7412,0
22237,7412,1
22238,7412,2
22239,7413,0
22240,7413,1
22241,7413,2
22242,7414,0
22243,7414,1
22244,7414,2
22245,7415,0
22246,7415,1
22247,7415,2
22248,7416,0
22249,7416,1
22250,7416,2
22251,7417,0
22252,7417,1
22253,7417,2
22254,7418,0
22255,7418,1
22256,7418,2
22257,7419,0
22258,7419,1
22259,7419,2
22260,7420,0
22261,7420,1
22262,7420,2
22263,7421,0
22264,7421,1
22265,7421,2
22266,7422,0
22267,7422,1
22268,7422,2
22269,7423,0
22270,7423,1
22271,7423,2
22272,7424,0
22273,7424,1
22274,7424,2
22275,7425,0
22276,7425,1
22277,7425,2
22278,7426,0
22279,7426,1
22280,7426,2
22281,7427,0
22282,7427,1
22283,7427,2
22284,7428,0
22285,7428,1
22286,7428,2
22287,7429,0
22288,7429,1
22289,7429,2
22290,7430,0
22291,7430,1
22292,7430,2
22293,7431,0
22294,7431,1
22295,7431,2
22296,7432,0
22297,7432,1
22298,7432,2
22299,7433,0
22300,7433,1
22301,7433,2
22302,7434,0
22303,7434,1
22304,7434,2
22305,7435,0
22306,7435,1
22307,7435,2
22308,7436,0
22309,7436,1
22310,7436,2
22311,7437,0
22312,7437,1
22313,7437,2
22314,7438,0
22315,7438,1
22316,7438,2
22317,7439,0
22318,7439,1
22319,7439,2
22320,7440,0
22321,7440,1
22322,7440,2
22323,7441,0
22324,7441,1
22325,7441,2
22326,7442,0
22327,7442,1
22328,7442,2
22329,7443,0
22330,7443,1
22331,7443,2
22332,7444,0
22333,7444,1
22334,7444,2
22335,7445,0
22336,7445,1
22337,7445,2
22338,7446,0
22339,7446,1
22340,7446,2
22341,7447,0
22342,7447,1
22343,7447,2
22344,7448,0
22345,7448,1
22346,7448,2
22347,7449,0
22348,7449,1
22349,7449,2
22350,7450,0
22351,7450,1
22352,7450,2
22353,7451,0
22354,7451,1
22355,7451,2
22356,7452,0
22357,7452,1
22358,7452,2
22359,7453,0
22360,7453,1
22361,7453,2
22362,7454,0
22363,7454,1
22364,7454,2
22365,7455,0
22366,7455,1
22367,7455,2
22368,7456,0
22369,7456,1
22370,7456,2
22371,7457,0
22372,7457,1
22373,7457,2
22374,7458,0
22375,7458,1
22376,7458,2
22377,7459,0
22378,7459,1
22379,7459,2
22380,7460,0
22381,7460,1
22382,7460,2
22383,7461,0
22384,7461,1
22385,7461,2
22386,7462,0
22387,7462,1
22388,7462,2
22389,7463,0
22390,7463,1
22391,7463,2
22392,7464,0
22393,7464,1
22394,7464,2
22395,7465,0
22396,7465,1
22397,7465,2
22398,7466,0
22399,7466,1
22400,7466,2
22401,7467,0
22402,7467,1
22403,7467,2
22404,7468,0
22405,7468,1
22406,7468,2
22407,7469,0
22408,7469,1
22409,7469,2
22410,7470,0
22411,7470,1
22412,7470,2
22413,7471,0
22414,7471,1
22415,7471,2
22416,7472,0
22417,7472,1
22418,7472,2
22419,7473,0
22420,7473,1
22421,7473,2
22422,7474,0
22423,7474,1
22424,7474,2
22425,7475,0
22426,7475,1
22427,7475,2
22428,7476,0
22429,7476,1
22430,7476,2
22431,7477,0
22432,7477,1
22433,7477,2
22434,7478,0
22435,7478,1
22436,7478,2
22437,7479,0
22438,7479,1
22439,7479,2
22440,7480,0
22441,7480,1
22442,7480,2
22443,7481,0
22444,7481,1
22445,7481,2
22446,7482,0
22447,7482,1
22448,7482,2
22449,7483,0
22450,7483,1
22451,7483,2
22452,7484,0
22453,7484,1
22454,7484,2
22455,7485,0
22456,7485,1
22457,7485,2
22458,7486,0
22459,7486,1
22460,7486,2
22461,7487,0
22462,7487,1
22463,7487,2
22464,7488,0
22465,7488,1
22466,7488,2
22467,7489,0
22468,7489,1
22469,7489,2
22470,7490,0
22471,7490,1
22472,7490,2
22473,7491,0
22474,7491,1
22475,7491,2
22476,7492,0
22477,7492,1
22478,7492,2
22479,7493,0
22480,7493,1
22481,7493,2
22482,7494,0
22483,7494,1
22484,7494,2
22485,7495,0
22486,7495,1
22487,7495,2
22488,7496,0
22489,7496,1
22490,7496,2
22491,7497,0
22492,7497,1
22493,7497,2
22494,7498,0
22495,7498,1
22496,7498,2
22497,7499,0
22498,7499,1
22499,7499,2
22500,7500,0
22501,7500,1
22502,7500,2
22503,7501,0
22504,7501,1
22505,7501,2
22506,7502,0
22507,7502,1
22508,7502,2
22509,7503,0
22510,7503,1
22511,7503,2
22512,7504,0
22513,7504,1
22514,7504,2
22515,7505,0
22516,7505,1
22517,7505,2
22518,7506,0
22519,7506,1
22520,7506,2
22521,7507,0
22522,7507,1
22523,7507,2
22524,7508,0
22525,7508,1
22526,7508,2
22527,7509,0
22528,7509,1
22529,7509,2
22530,7510,0
22531,7510,1
22532,7510,2
22533,7511,0
22534,7511,1
22535,7511,2
22536,7512,0
22537,7512,1
22538,7512,2
22539,7513,0
22540,7513,1
22541,7513,2
22542,7514,0
22543,7514,1
22544,7514,2
22545,7515,0
22546,7515,1
22547,7515,2
22548,7516,0
22549,7516,1
22550,7516,2
22551,7517,0
22552,7517,1
22553,7517,2
22554,7518,0
22555,7518,1
22556,7518,2
22557,7519,0
22558,7519,1
22559,7519,2
22560,7520,0
22561,7520,1
22562,7520,2
22563,7521,0
22564,7521,1
22565,7521,2
22566,7522,0
22567,7522,1
22568,7522,2
22569,7523,0
22570,7523,1
22571,7523,2
22572,7524,0
22573,7524,1
22574,7524,2
22575,7525,0
22576,7525,1
22577,7525,2
22578,7526,0
22579,7526,1
22580,7526,2
22581,7527,0
22582,7527,1
22583,7527,2
22584,7528,0
22585,7528,1
22586,7528,2
22587,7529,0
22588,7529,1
22589,7529,2
22590,7530,0
22591,7530,1
22592,7530,2
22593,7531,0
22594,7531,1
22595,7531,2
22596,7532,0
22597,7532,1
22598,7532,2
22599,7533,0
22600,7533,1
22601,7533,2
22602,7534,0
22603,7534,1
22604,7534,2
22605,7535,0
22606,7535,1
22607,7535,2
22608,7536,0
22609,7536,1
22610,7536,2
22611,7537,0
22612,7537,1
22613,7537,2
22614,7538,0
22615,7538,1
22616,7538,2
22617,7539,0
22618,7539,1
22619,7539,2
22620,7540,0
22621,7540,1
22622,7540,2
22623,7541,0
22624,7541,1
22625,7541,2
22626,7542,0
22627,7542,1
22628,7542,2
22629,7543,0
22630,7543,1
22631,7543,2
22632,7544,0
22633,7544,1
22634,7544,2
22635,7545,0
22636,7545,1
22637,7545,2
22638,7546,0
22639,7546,1
22640,7546,2
22641,7547,0
22642,7547,1
22643,7547,2
22644,7548,0
22645,7548,1
22646,7548,2
22647,7549,0
22648,7549,1
22649,7549,2
22650,7550,0
22651,7550,1
22652,7550,2
22653,7551,0
22654,7551,1
22655,7551,2
22656,7552,0
22657,7552,1
22658,7552,2
22659,7553,0
22660,7553,1
22661,7553,2
22662,7554,0
22663,7554,1
22664,7554,2
22665,7555,0
22666,7555,1
22667,7555,2
22668,7556,0
22669,7556,1
22670,7556,2
22671,7557,0
22672,7557,1
22673,7557,2
22674,7558,0
22675,7558,1
22676,7558,2
22677,7559,0
22678,7559,1
22679,7559,2
22680,7560,0
22681,7560,1
22682,7560,2
22683,7561,0
22684,7561,1
22685,7561,2
22686,7562,0
22687,7562,1
22688,7562,2
22689,7563,0
22690,7563,1
22691,7563,2
22692,7564,0
22693,7564,1
22694,7564,2
22695,7565,0
22696,7565,1
22697,7565,2
22698,7566,0
22699,7566,1
22700,7566,2
22701,7567,0
22702,7567,1
22703,7567,2
22704,7568,0
22705,7568,1
22706,7568,2
22707,7569,0
22708,7569,1
22709,7569,2
22710,7570,0
22711,7570,1
22712,7570,2
22713,7571,0
22714,7571,1
22715,7571,2
22716,7572,0
22717,7572,1
22718,7572,2
22719,7573,0
22720,7573,1
22721,7573,2
22722,7574,0
22723,7574,1
22724,7574,2
22725,7575,0
22726,7575,1
22727,7575,2
22728,7576,0
22729,7576,1
22730,7576,2
22731,7577,0
22732,7577,1
22733,7577,2
22734,7578,0
22735,7578,1
22736,7578,2
22737,7579,0
22738,7579,1
22739,7579,2
22740,7580,0
22741,7580,1
22742,7580,2
22743,7581,0
22744,7581,1
22745,7581,2
22746,7582,0
22747,7582,1
22748,7582,2
22749,7583,0
22750,7583,1
22751,7583,2
22752,7584,0
22753,7584,1
22754,7584,2
22755,7585,0
22756,7585,1
22757,7585,2
22758,7586,0
22759,7586,1
22760,7586,2
22761,7587,0
22762,7587,1
22763,7587,2
22764,7588,0
22765,7588,1
22766,7588,2
22767,7589,0
22768,7589,1
22769,7589,2
22770,7590,0
22771,7590,1
22772,7590,2
22773,7591,0
22774,7591,1
22775,7591,2
22776,7592,0
22777,7592,1
22778,7592,2
22779,7593,0
22780,7593,1
22781,7593,2
22782,7594,0
22783,7594,1
22784,7594,2
22785,7595,0
22786,7595,1
22787,7595,2
22788,7596,0
22789,7596,1
22790,7596,2
22791,7597,0
22792,7597,1
22793,7597,2
22794,7598,0
22795,7598,1
22796,7598,2
22797,7599,0
22798,7599,1
22799,7599,2
22800,7600,0
22801,7600,1
22802,7600,2
22803,7601,0
22804,7601,1
22805,7601,2
22806,7602,0
22807,7602,1
22808,7602,2
22809,7603,0
22810,7603,1
22811,7603,2
22812,7604,0
22813,7604,1
22814,7604,2
22815,7605,0
22816,7605,1
22817,7605,2
22818,7606,0
22819,7606,1
22820,7606,2
22821,7607,0
22822,7607,1
22823,7607,2
22824,7608,0
22825,7608,1
22826,7608,2
22827,7609,0
22828,7609,1
22829,7609,2
22830,7610,0
22831,7610,1
22832,7610,2
22833,7611,0
22834,7611,1
22835,7611,2
22836,7612,0
22837,7612,1
22838,7612,2
22839,7613,0
22840,7613,1
22841,7613,2
22842,7614,0
22843,7614,1
22844,7614,2
22845,7615,0
22846,7615,1
22847,7615,2
22848,7616,0
22849,7616,1
22850,7616,2
22851,7617,0
22852,7617,1
22853,7617,2
22854,7618,0
22855,7618,1
22856,7618,2
22857,7619,0
22858,7619,1
22859,7619,2
22860,7620,0
22861,7620,1
22862,7620,2
22863,7621,0
22864,7621,1
22865,7621,2
22866,7622,0
22867,7622,1
22868,7622,2
22869,7623,0
22870,7623,1
22871,7623,2
22872,7624,0
22873,7624,1
22874,7624,2
22875,7625,0
22876,7625,1
22877,7625,2
22878,7626,0
22879,7626,1
22880,7626,2
22881,7627,0
22882,7627,1
22883,7627,2
22884,7628,0
22885,7628,1
22886,7628,2
22887,7629,0
22888,7629,1
22889,7629,2
22890,7630,0
22891,7630,1
22892,7630,2
22893,7631,0
22894,7631,1
22895,7631,2
22896,7632,0
22897,7632,1
22898,7632,2
22899,7633,0
22900,7633,1
22901,7633,2
22902,7634,0
22903,7634,1
22904,7634,2
22905,7635,0
22906,7635,1
22907,7635,2
22908,7636,0
22909,7636,1
22910,7636,2
22911,7637,0
22912,7637,1
22913,7637,2
22914,7638,0
22915,7638,1
22916,7638,2
22917,7639,0
22918,7639,1
22919,7639,2
22920,7640,0
22921,7640,1
22922,7640,2
22923,7641,0
22924,7641,1
22925,7641,2
22926,7642,0
22927,7642,1
22928,7642,2
22929,7643,0
22930,7643,1
22931,7643,2
22932,7644,0
22933,7644,1
22934,7644,2
22935,7645,0
22936,7645,1
22937,7645,2
22938,7646,0
22939,7646,1
22940,7646,2
22941,7647,0
22942,7647,1
22943,7647,2
22944,7648,0
22945,7648,1
22946,7648,2
22947,7649,0
22948,7649,1
22949,7649,2
22950,7650,0
22951,7650,1
22952,7650,2
22953,7651,0
22954,7651,1
22955,7651,2
22956,7652,0
22957,7652,1
22958,7652,2
22959,7653,0
22960,7653,1
22961,7653,2
22962,7654,0
22963,7654,1
22964,7654,2
22965,7655,0
22966,7655,1
22967,7655,2
22968,7656,0
22969,7656,1
22970,7656,2
22971,7657,0
22972,7657,1
22973,7657,2
22974,7658,0
22975,7658,1
22976,7658,2
22977,7659,0
22978,7659,1
22979,7659,2
22980,7660,0
22981,7660,1
22982,7660,2
22983,7661,0
22984,7661,1
22985,7661,2
22986,7662,0
22987,7662,1
22988,7662,2
22989,7663,0
22990,7663,1
22991,7663,2
22992,7664,0
22993,7664,1
22994,7664,2
22995,7665,0
22996,7665,1
22997,7665,2
22998,7666,0
22999,7666,1
23000,7666,2
23001,7667,0
23002,7667,1
23003,7667,2
23004,7668,0
23005,7668,1
23006,7668,2
23007,7669,0
23008,7669,1
23009,7669,2
23010,7670,0
23011,7670,1
23012,7670,2
23013,7671,0
23014,7671,1
23015,7671,2
23016,7672,0
23017,7672,1
23018,7672,2
23019,7673,0
23020,7673,1
23021,7673,2
23022,7674,0
23023,7674,1
23024,7674,2
23025,7675,0
23026,7675,1
23027,7675,2
23028,7676,0
23029,7676,1
23030,7676,2
23031,7677,0
23032,7677,1
23033,7677,2
23034,7678,0
23035,7678,1
23036,7678,2
23037,7679,0
23038,7679,1
23039,7679,2
23040,7680,0
23041,7680,1
23042,7680,2
23043,7681,0
23044,7681,1
23045,7681,2
23046,7682,0
23047,7682,1
23048,7682,2
23049,7683,0
23050,7683,1
23051,7683,2
23052,7684,0
23053,7684,1
23054,7684,2
23055,7685,0
23056,7685,1
23057,7685,2
23058,7686,0
23059,7686,1
23060,7686,2
23061,7687,0
23062,7687,1
23063,7687,2
23064,7688,0
23065,7688,1
23066,7688,2
23067,7689,0
23068,7689,1
23069,7689,2
23070,7690,0
23071,7690,1
23072,7690,2
23073,7691,0
23074,7691,1
23075,7691,2
23076,7692,0
23077,7692,1
23078,7692,2
23079,7693,0
23080,7693,1
23081,7693,2
23082,7694,0
23083,7694,1
23084,7694,2
23085,7695,0
23086,7695,1
23087,7695,2
23088,7696,0
23089,7696,1
23090,7696,2
23091,7697,0
23092,7697,1
23093,7697,2
23094,7698,0
23095,7698,1
23096,7698,2
23097,7699,0
23098,7699,1
23099,7699,2
23100,7700,0
23101,7700,1
23102,7700,2
23103,7701,0
23104,7701,1
23105,7701,2
23106,7702,0
23107,7702,1
23108,7702,2
23109,7703,0
23110,7703,1
23111,7703,2
23112,7704,0
23113,7704,1
23114,7704,2
23115,7705,0
23116,7705,1
23117,7705,2
23118,7706,0
23119,7706,1
23120,7706,2
23121,7707,0
23122,7707,1
23123,7707,2
23124,7708,0
23125,7708,1
23126,7708,2
23127,7709,0
23128,7709,1
23129,7709,2
23130,7710,0
23131,7710,1
23132,7710,2
23133,7711,0
23134,7711,1
23135,7711,2
23136,7712,0
23137,7712,1
23138,7712,2
23139,7713,0
23140,7713,1
23141,7713,2
23142,7714,0
23143,7714,1
23144,7714,2
23145,7715,0
23146,7715,1
23147,7715,2
23148,7716,0
23149,7716,1
23150,7716,2
23151,7717,0
23152,7717,1
23153,7717,2
23154,7718,0
23155,7718,1
23156,7718,2
23157,7719,0
23158,7719,1
23159,7719,2
23160,7720,0
23161,7720,1
23162,7720,2
23163,7721,0
23164,7721,1
23165,7721,2
23166,7722,0
23167,7722,1
23168,7722,2
23169,7723,0
23170,7723,1
23171,7723,2
23172,7724,0
23173,7724,1
23174,7724,2
23175,7725,0
23176,7725,1
23177,7725,2
23178,7726,0
23179,7726,1
23180,7726,2
23181,7727,0
23182,7727,1
23183,7727,2
23184,7728,0
23185,7728,1
23186,7728,2
23187,7729,0
23188,7729,1
23189,7729,2
23190,7730,0
23191,7730,1
23192,7730,2
23193,7731,0
23194,7731,1
23195,7731,2
23196,7732,0
23197,7732,1
23198,7732,2
23199,7733,0
23200,7733,1
23201,7733,2
23202,7734,0
23203,7734,1
23204,7734,2
23205,7735,0
23206,7735,1
23207,7735,2
23208,7736,0
23209,7736,1
23210,7736,2
23211,7737,0
23212,7737,1
23213,7737,2
23214,7738,0
23215,7738,1
23216,7738,2
23217,7739,0
23218,7739,1
23219,7739,2
23220,7740,0
23221,7740,1
23222,7740,2
23223,7741,0
23224,7741,1
23225,7741,2
23226,7742,0
23227,7742,1
23228,7742,2
23229,7743,0
23230,7743,1
23231,7743,2
23232,7744,0
23233,7744,1
23234,7744,2
23235,7745,0
23236,7745,1
23237,7745,2
23238,7746,0
23239,7746,1
23240,7746,2
23241,7747,0
23242,7747,1
23243,7747,2
23244,7748,0
23245,7748,1
23246,7748,2
23247,7749,0
23248,7749,1
23249,7749,2
23250,7750,0
23251,7750,1
23252,7750,2
23253,7751,0
23254,7751,1
23255,7751,2
23256,7752,0
23257,7752,1
23258,7752,2
23259,7753,0
23260,7753,1
23261,7753,2
23262,7754,0
23263,7754,1
23264,7754,2
23265,7755,0
23266,7755,1
23267,7755,2
23268,7756,0
23269,7756,1
23270,7756,2
23271,7757,0
23272,7757,1
23273,7757,2
23274,7758,0
23275,7758,1
23276,7758,2
23277,7759,0
23278,7759,1
23279,7759,2
23280,7760,0
23281,7760,1
23282,7760,2
23283,7761,0
23284,7761,1
23285,7761,2
23286,7762,0
23287,7762,1
23288,7762,2
23289,7763,0
23290,7763,1
23291,7763,2
23292,7764,0
23293,7764,1
23294,7764,2
23295,7765,0
23296,7765,1
23297,7765,2
23298,7766,0
23299,7766,1
23300,7766,2
23301,7767,0
23302,7767,1
23303,7767,2
23304,7768,0
23305,7768,1
23306,7768,2
23307,7769,0
23308,7769,1
23309,7769,2
23310,7770,0
23311,7770,1
23312,7770,2
23313,7771,0
23314,7771,1
23315,7771,2
23316,7772,0
23317,7772,1
23318,7772,2
23319,7773,0
23320,7773,1
23321,7773,2
23322,7774,0
23323,7774,1
23324,7774,2
23325,7775,0
23326,7775,1
23327,7775,2
23328,7776,0
23329,7776,1
23330,7776,2
23331,7777,0
23332,7777,1
23333,7777,2
23334,7778,0
23335,7778,1
23336,7778,2
23337,7779,0
23338,7779,1
23339,7779,2
23340,7780,0
23341,7780,1
23342,7780,2
23343,7781,0
23344,7781,1
23345,7781,2
23346,7782,0
23347,7782,1
23348,7782,2
23349,7783,0
23350,7783,1
23351,7783,2
23352,7784,0
23353,7784,1
23354,7784,2
23355,7785,0
23356,7785,1
23357,7785,2
23358,7786,0
23359,7786,1
23360,7786,2
23361,7787,0
23362,7787,1
23363,7787,2
23364,7788,0
23365,7788,1
23366,7788,2
23367,7789,0
23368,7789,1
23369,7789,2
23370,7790,0
23371,7790,1
23372,7790,2
23373,7791,0
23374,7791,1
23375,7791,2
23376,7792,0
23377,7792,1
23378,7792,2
23379,7793,0
23380,7793,1
23381,7793,2
23382,7794,0
23383,7794,1
23384,7794,2
23385,7795,0
23386,7795,1
23387,7795,2
23388,7796,0
23389,7796,1
23390,7796,2
23391,7797,0
23392,7797,1
23393,7797,2
23394,7798,0
23395,7798,1
23396,7798,2
23397,7799,0
23398,7799,1
23399,7799,2
23400,7800,0
23401,7800,1
23402,7800,2
23403,7801,0
23404,7801,1
23405,7801,2
23406,7802,0
23407,7802,1
23408,7802,2
23409,7803,0
23410,7803,1
23411,7803,2
23412,7804,0
23413,7804,1
23414,7804,2
23415,7805,0
23416,7805,1
23417,7805,2
23418,7806,0
23419,7806,1
23420,7806,2
23421,7807,0
23422,7807,1
23423,7807,2
23424,7808,0
23425,7808,1
23426,7808,2
23427,7809,0
23428,7809,1
23429,7809,2
23430,7810,0
23431,7810,1
23432,7810,2
23433,7811,0
23434,7811,1
23435,7811,2
23436,7812,0
23437,7812,1
23438,7812,2
23439,7813,0
23440,7813,1
23441,7813,2
23442,7814,0
23443,7814,1
23444,7814,2
23445,7815,0
23446,7815,1
23447,7815,2
23448,7816,0
23449,7816,1
23450,7816,2
23451,7817,0
23452,7817,1
23453,7817,2
23454,7818,0
23455,7818,1
23456,7818,2
23457,7819,0
23458,7819,1
23459,7819,2
23460,7820,0
23461,7820,1
23462,7820,2
23463,7821,0
23464,7821,1
23465,7821,2
23466,7822,0
23467,7822,1
23468,7822,2
23469,7823,0
23470,7823,1
23471,7823,2
23472,7824,0
23473,7824,1
23474,7824,2
23475,7825,0
23476,7825,1
23477,7825,2
23478,7826,0
23479,7826,1
23480,7826,2
23481,7827,0
23482,7827,1
23483,7827,2
23484,7828,0
23485,7828,1
23486,7828,2
23487,7829,0
23488,7829,1
23489,7829,2
23490,7830,0
23491,7830,1
23492,7830,2
23493,7831,0
23494,7831,1
23495,7831,2
23496,7832,0
23497,7832,1
23498,7832,2
23499,7833,0
23500,7833,1
23501,7833,2
23502,7834,0
23503,7834,1
23504,7834,2
23505,7835,0
23506,7835,1
23507,7835,2
23508,7836,0
23509,7836,1
23510,7836,2
23511,7837,0
23512,7837,1
23513,7837,2
23514,7838,0
23515,7838,1
23516,7838,2
23517,7839,0
23518,7839,1
23519,7839,2
23520,7840,0
23521,7840,1
23522,7840,2
23523,7841,0
23524,7841,1
23525,7841,2
23526,7842,0
23527,7842,1
23528,7842,2
23529,7843,0
23530,7843,1
23531,7843,2
23532,7844,0
23533,7844,1
23534,7844,2
23535,7845,0
23536,7845,1
23537,7845,2
23538,7846,0
23539,7846,1
23540,7846,2
23541,7847,0
23542,7847,1
23543,7847,2
23544,7848,0
23545,7848,1
23546,7848,2
23547,7849,0
23548,7849,1
23549,7849,2
23550,7850,0
23551,7850,1
23552,7850,2
23553,7851,0
23554,7851,1
23555,7851,2
23556,7852,0
23557,7852,1
23558,7852,2
23559,7853,0
23560,7853,1
23561,7853,2
23562,7854,0
23563,7854,1
23564,7854,2
23565,7855,0
23566,7855,1
23567,7855,2
23568,7856,0
23569,7856,1
23570,7856,2
23571,7857,0
23572,7857,1
23573,7857,2
23574,7858,0
23575,7858,1
23576,7858,2
23577,7859,0
23578,7859,1
23579,7859,2
23580,7860,0
23581,7860,1
23582,7860,2
23583,7861,0
23584,7861,1
23585,7861,2
23586,7862,0
23587,7862,1
23588,7862,2
23589,7863,0
23590,7863,1
23591,7863,2
23592,7864,0
23593,7864,1
23594,7864,2
23595,7865,0
23596,7865,1
23597,7865,2
23598,7866,0
23599,7866,1
23600,7866,2
23601,7867,0
23602,7867,1
23603,7867,2
23604,7868,0
23605,7868,1
23606,7868,2
23607,7869,0
23608,7869,1
23609,7869,2
23610,7870,0
23611,7870,1
23612,7870,2
23613,7871,0
23614,7871,1
23615,7871,2
23616,7872,0
23617,7872,1
23618,7872,2
23619,7873,0
23620,7873,1
23621,7873,2
23622,7874,0
23623,7874,1
23624,7874,2
23625,7875,0
23626,7875,1
23627,7875,2
23628,7876,0
23629,7876,1
23630,7876,2
23631,7877,0
23632,7877,1
23633,7877,2
23634,7878,0
23635,7878,1
23636,7878,2
23637,7879,0
23638,7879,1
23639,7879,2
23640,7880,0
23641,7880,1
23642,7880,2
23643,7881,0
23644,7881,1
23645,7881,2
23646,7882,0
23647,7882,1
23648,7882,2
23649,7883,0
23650,7883,1
23651,7883,2
23652,7884,0
23653,7884,1
23654,7884,2
23655,7885,0
23656,7885,1
23657,7885,2
23658,7886,0
23659,7886,1
23660,7886,2
23661,7887,0
23662,7887,1
23663,7887,2
23664,7888,0
23665,7888,1
23666,7888,2
23667,7889,0
23668,7889,1
23669,7889,2
23670,7890,0
23671,7890,1
23672,7890,2
23673,7891,0
23674,7891,1
23675,7891,2
23676,7892,0
23677,7892,1
23678,7892,2
23679,7893,0
23680,7893,1
23681,7893,2
23682,7894,0
23683,7894,1
23684,7894,2
23685,7895,0
23686,7895,1
23687,7895,2
23688,7896,0
23689,7896,1
23690,7896,2
23691,7897,0
23692,7897,1
23693,7897,2
23694,7898,0
23695,7898,1
23696,7898,2
23697,7899,0
23698,7899,1
23699,7899,2
23700,7900,0
23701,7900,1
23702,7900,2
23703,7901,0
23704,7901,1
23705,7901,2
23706,7902,0
23707,7902,1
23708,7902,2
23709,7903,0
23710,7903,1
23711,7903,2
23712,7904,0
23713,7904,1
23714,7904,2
23715,7905,0
23716,7905,1
23717,7905,2
23718,7906,0
23719,7906,1
23720,7906,2
23721,7907,0
23722,7907,1
23723,7907,2
23724,7908,0
23725,7908,1
23726,7908,2
23727,7909,0
23728,7909,1
23729,7909,2
23730,7910,0
23731,7910,1
23732,7910,2
23733,7911,0
23734,7911,1
23735,7911,2
23736,7912,0
23737,7912,1
23738,7912,2
23739,7913,0
23740,7913,1
23741,7913,2
23742,7914,0
23743,7914,1
23744,7914,2
23745,7915,0
23746,7915,1
23747,7915,2
23748,7916,0
23749,7916,1
23750,7916,2
23751,7917,0
23752,7917,1
23753,7917,2
23754,7918,0
23755,7918,1
23756,7918,2
23757,7919,0
23758,7919,1
23759,7919,2
23760,7920,0
23761,7920,1
23762,7920,2
23763,7921,0
23764,7921,1
23765,7921,2
23766,7922,0
23767,7922,1
23768,7922,2
23769,7923,0
23770,7923,1
23771,7923,2
23772,7924,0
23773,7924,1
23774,7924,2
23775,7925,0
23776,7925,1
23777,7925,2
23778,7926,0
23779,7926,1
23780,7926,2
23781,7927,0
23782,7927,1
23783,7927,2
23784,7928,0
23785,7928,1
23786,7928,2
23787,7929,0
23788,7929,1
23789,7929,2
23790,7930,0
23791,7930,1
23792,7930,2
23793,7931,0
23794,7931,1
23795,7931,2
23796,7932,0
23797,7932,1
23798,7932,2
23799,7933,0
23800,7933,1
23801,7933,2
23802,7934,0
23803,7934,1
23804,7934,2
23805,7935,0
23806,7935,1
23807,7935,2
23808,7936,0
23809,7936,1
23810,7936,2
23811,7937,0
23812,7937,1
23813,7937,2
23814,7938,0
23815,7938,1
23816,7938,2
23817,7939,0
23818,7939,1
23819,7939,2
23820,7940,0
23821,7940,1
23822,7940,2
23823,7941,0
23824,7941,1
23825,7941,2
23826,7942,0
23827,7942,1
23828,7942,2
23829,7943,0
23830,7943,1
23831,7943,2
23832,7944,0
23833,7944,1
23834,7944,2
23835,7945,0
23836,7945,1
23837,7945,2
23838,7946,0
23839,7946,1
23840,7946,2
23841,7947,0
23842,7947,1
23843,7947,2
23844,7948,0
23845,7948,1
23846,7948,2
23847,7949,0
23848,7949,1
23849,7949,2
23850,7950,0
23851,7950,1
23852,7950,2
23853,7951,0
23854,7951,1
23855,7951,2
23856,7952,0
23857,7952,1
23858,7952,2
23859,7953,0
23860,7953,1
23861,7953,2
23862,7954,0
23863,7954,1
23864,7954,2
23865,7955,0
23866,7955,1
23867,7955,2
23868,7956,0
23869,7956,1
23870,7956,2
23871,7957,0
23872,7957,1
23873,7957,2
23874,7958,0
23875,7958,1
23876,7958,2
23877,7959,0
23878,7959,1
23879,7959,2
23880,7960,0
23881,7960,1
23882,7960,2
23883,7961,0
23884,7961,1
23885,7961,2
23886,7962,0
23887,7962,1
23888,7962,2
23889,7963,0
23890,7963,1
23891,7963,2
23892,7964,0
23893,7964,1
23894,7964,2
23895,7965,0
23896,7965,1
23897,7965,2
23898,7966,0
23899,7966,1
23900,7966,2
23901,7967,0
23902,7967,1
23903,7967,2
23904,7968,0
23905,7968,1
23906,7968,2
23907,7969,0
23908,7969,1
23909,7969,2
23910,7970,0
23911,7970,1
23912,7970,2
23913,7971,0
23914,7971,1
23915,7971,2
23916,7972,0
23917,7972,1
23918,7972,2
23919,7973,0
23920,7973,1
23921,7973,2
23922,7974,0
23923,7974,1
23924,7974,2
23925,7975,0
23926,7975,1
23927,7975,2
23928,7976,0
23929,7976,1
23930,7976,2
23931,7977,0
23932,7977,1
23933,7977,2
23934,7978,0
23935,7978,1
23936,7978,2
23937,7979,0
23938,7979,1
23939,7979,2
23940,7980,0
23941,7980,1
23942,7980,2
23943,7981,0
23944,7981,1
23945,7981,2
23946,7982,0
23947,7982,1
23948,7982,2
23949,7983,0
23950,7983,1
23951,7983,2
23952,7984,0
23953,7984,1
23954,7984,2
23955,7985,0
23956,7985,1
23957,7985,2
23958,7986,0
23959,7986,1
23960,7986,2
23961,7987,0
23962,7987,1
23963,7987,2
23964,7988,0
23965,7988,1
23966,7988,2
23967,7989,0
23968,7989,1
23969,7989,2
23970,7990,0
23971,7990,1
23972,7990,2
23973,7991,0
23974,7991,1
23975,7991,2
23976,7992,0
23977,7992,1
23978,7992,2
23979,7993,0
23980,7993,1
23981,7993,2
23982,7994,0
23983,7994,1
23984,7994,2
23985,7995,0
23986,7995,1
23987,7995,2
23988,7996,0
23989,7996,1
23990,7996,2
23991,7997,0
23992,7997,1
23993,7997,2
23994,7998,0
23995,7998,1
23996,7998,2
23997,7999,0
23998,7999,1
23999,7999,2
24000,8000,0
24001,8000,1
24002,8000,2
24003,8001,0
24004,8001,1
24005,8001,2
24006,8002,0
24007,8002,1
24008,8002,2
24009,8003,0
24010,8003,1
24011,8003,2
24012,8004,0
24013,8004,1
24014,8004,2
24015,8005,0
24016,8005,1
24017,8005,2
24018,8006,0
24019,8006,1
24020,8006,2
24021,8007,0
24022,8007,1
24023,8007,2
24024,8008,0
24025,8008,1
24026,8008,2
24027,8009,0
24028,8009,1
24029,8009,2
24030,8010,0
24031,8010,1
24032,8010,2
24033,8011,0
24034,8011,1
24035,8011,2
24036,8012,0
24037,8012,1
24038,8012,2
24039,8013,0
24040,8013,1
24041,8013,2
24042,8014,0
24043,8014,1
24044,8014,2
24045,8015,0
24046,8015,1
24047,8015,2
24048,8016,0
24049,8016,1
24050,8016,2
24051,8017,0
24052,8017,1
24053,8017,2
24054,8018,0
24055,8018,1
24056,8018,2
24057,8019,0
24058,8019,1
24059,8019,2
24060,8020,0
24061,8020,1
24062,8020,2
24063,8021,0
24064,8021,1
24065,8021,2
24066,8022,0
24067,8022,1
24068,8022,2
24069,8023,0
24070,8023,1
24071,8023,2
24072,8024,0
24073,8024,1
24074,8024,2
24075,8025,0
24076,8025,1
24077,8025,2
24078,8026,0
24079,8026,1
24080,8026,2
24081,8027,0
24082,8027,1
24083,8027,2
24084,8028,0
24085,8028,1
24086,8028,2
24087,8029,0
24088,8029,1
24089,8029,2
24090,8030,0
24091,8030,1
24092,8030,2
24093,8031,0
24094,8031,1
24095,8031,2
24096,8032,0
24097,8032,1
24098,8032,2
24099,8033,0
24100,8033,1
24101,8033,2
24102,8034,0
24103,8034,1
24104,8034,2
24105,8035,0
24106,8035,1
24107,8035,2
24108,8036,0
24109,8036,1
24110,8036,2
24111,8037,0
24112,8037,1
24113,8037,2
24114,8038,0
24115,8038,1
24116,8038,2
24117,8039,0
24118,8039,1
24119,8039,2
24120,8040,0
24121,8040,1
24122,8040,2
24123,8041,0
24124,8041,1
24125,8041,2
24126,8042,0
24127,8042,1
24128,8042,2
24129,8043,0
24130,8043,1
24131,8043,2
24132,8044,0
24133,8044,1
24134,8044,2
24135,8045,0
24136,8045,1
24137,8045,2
24138,8046,0
24139,8046,1
24140,8046,2
24141,8047,0
24142,8047,1
24143,8047,2
24144,8048,0
24145,8048,1
24146,8048,2
24147,8049,0
24148,8049,1
24149,8049,2
24150,8050,0
24151,8050,1
24152,8050,2
24153,8051,0
24154,8051,1
24155,8051,2
24156,8052,0
24157,8052,1
24158,8052,2
24159,8053,0
24160,8053,1
24161,8053,2
24162,8054,0
24163,8054,1
24164,8054,2
24165,8055,0
24166,8055,1
24167,8055,2
24168,8056,0
24169,8056,1
24170,8056,2
24171,8057,0
24172,8057,1
24173,8057,2
24174,8058,0
24175,8058,1
24176,8058,2
24177,8059,0
24178,8059,1
24179,8059,2
24180,8060,0
24181,8060,1
24182,8060,2
24183,8061,0
24184,8061,1
24185,8061,2
24186,8062,0
24187,8062,1
24188,8062,2
24189,8063,0
24190,8063,1
24191,8063,2
24192,8064,0
24193,8064,1
24194,8064,2
24195,8065,0
24196,8065,1
24197,8065,2
24198,8066,0
24199,8066,1
24200,8066,2
24201,8067,0
24202,8067,1
24203,8067,2
24204,8068,0
24205,8068,1
24206,8068,2
24207,8069,0
24208,8069,1
24209,8069,2
24210,8070,0
24211,8070,1
24212,8070,2
24213,8071,0
24214,8071,1
24215,8071,2
24216,8072,0
24217,8072,1
24218,8072,2
24219,8073,0
24220,8073,1
24221,8073,2
24222,8074,0
24223,8074,1
24224,8074,2
24225,8075,0
24226,8075,1
24227,8075,2
24228,8076,0
24229,8076,1
24230,8076,2
24231,8077,0
24232,8077,1
24233,8077,2
24234,8078,0
24235,8078,1
24236,8078,2
24237,8079,0
24238,8079,1
24239,8079,2
24240,8080,0
24241,8080,1
24242,8080,2
24243,8081,0
24244,8081,1
24245,8081,2
24246,8082,0
24247,8082,1
24248,8082,2
24249,8083,0
24250,8083,1
24251,8083,2
24252,8084,0
24253,8084,1
24254,8084,2
24255,8085,0
24256,8085,1
24257,8085,2
24258,8086,0
24259,8086,1
24260,8086,2
24261,8087,0
24262,8087,1
24263,8087,2
24264,8088,0
24265,8088,1
24266,8088,2
24267,8089,0
24268,8089,1
24269,8089,2
24270,8090,0
24271,8090,1
24272,8090,2
24273,8091,0
24274,8091,1
24275,8091,2
24276,8092,0
24277,8092,1
24278,8092,2
24279,8093,0
24280,8093,1
24281,8093,2
24282,8094,0
24283,8094,1
24284,8094,2
24285,8095,0
24286,8095,1
24287,8095,2
24288,8096,0
24289,8096,1
24290,8096,2
24291,8097,0
24292,8097,1
24293,8097,2
24294,8098,0
24295,8098,1
24296,8098,2
24297,8099,0
24298,8099,1
24299,8099,2
24300,8100,0
24301,8100,1
24302,8100,2
24303,8101,0
24304,8101,1
24305,8101,2
24306,8102,0
24307,8102,1
24308,8102,2
24309,8103,0
24310,8103,1
24311,8103,2
24312,8104,0
24313,8104,1
24314,8104,2
24315,8105,0
24316,8105,1
24317,8105,2
24318,8106,0
24319,8106,1
24320,8106,2
24321,8107,0
24322,8107,1
24323,8107,2
24324,8108,0
24325,8108,1
24326,8108,2
24327,8109,0
24328,8109,1
24329,8109,2
24330,8110,0
24331,8110,1
24332,8110,2
24333,8111,0
24334,8111,1
24335,8111,2
24336,8112,0
24337,8112,1
24338,8112,2
24339,8113,0
24340,8113,1
24341,8113,2
24342,8114,0
24343,8114,1
24344,8114,2
24345,8115,0
24346,8115,1
24347,8115,2
24348,8116,0
24349,8116,1
24350,8116,2
24351,8117,0
24352,8117,1
24353,8117,2
24354,8118,0
24355,8118,1
24356,8118,2
24357,8119,0
24358,8119,1
24359,8119,2
24360,8120,0
24361,8120,1
24362,8120,2
24363,8121,0
24364,8121,1
24365,8121,2
24366,8122,0
24367,8122,1
24368,8122,2
24369,8123,0
24370,8123,1
24371,8123,2
24372,8124,0
24373,8124,1
24374,8124,2
24375,8125,0
24376,8125,1
24377,8125,2
24378,8126,0
24379,8126,1
24380,8126,2
24381,8127,0
24382,8127,1
24383,8127,2
24384,8128,0
24385,8128,1
24386,8128,2
24387,8129,0
24388,8129,1
24389,8129,2
24390,8130,0
24391,8130,1
24392,8130,2
24393,8131,0
24394,8131,1
24395,8131,2
24396,8132,0
24397,8132,1
24398,8132,2
24399,8133,0
24400,8133,1
24401,8133,2
24402,8134,0
24403,8134,1
24404,8134,2
24405,8135,0
24406,8135,1
24407,8135,2
24408,8136,0
24409,8136,1
24410,8136,2
24411,8137,0
24412,8137,1
24413,8137,2
24414,8138,0
24415,8138,1
24416,8138,2
24417,8139,0
24418,8139,1
24419,8139,2
24420,8140,0
24421,8140,1
24422,8140,2
24423,8141,0
24424,8141,1
24425,8141,2
24426,8142,0
24427,8142,1
24428,8142,2
24429,8143,0
24430,8143,1
24431,8143,2
24432,8144,0
24433,8144,1
24434,8144,2
24435,8145,0
24436,8145,1
24437,8145,2
24438,8146,0
24439,8146,1
24440,8146,2
24441,8147,0
24442,8147,1
24443,8147,2
24444,8148,0
24445,8148,1
24446,8148,2
24447,8149,0
24448,8149,1
24449,8149,2
24450,8150,0
24451,8150,1
24452,8150,2
24453,8151,0
24454,8151,1
24455,8151,2
24456,8152,0
24457,8152,1
24458,8152,2
24459,8153,0
24460,8153,1
24461,8153,2
24462,8154,0
24463,8154,1
24464,8154,2
24465,8155,0
24466,8155,1
24467,8155,2
24468,8156,0
24469,8156,1
24470,8156,2
24471,8157,0
24472,8157,1
24473,8157,2
24474,8158,0
24475,8158,1
24476,8158,2
24477,8159,0
24478,8159,1
24479,8159,2
24480,8160,0
24481,8160,1
24482,8160,2
24483,8161,0
24484,8161,1
24485,8161,2
24486,8162,0
24487,8162,1
24488,8162,2
24489,8163,0
24490,8163,1
24491,8163,2
24492,8164,0
24493,8164,1
24494,8164,2
24495,8165,0
24496,8165,1
24497,8165,2
24498,8166,0
24499,8166,1
24500,8166,2
24501,8167,0
24502,8167,1
24503,8167,2
24504,8168,0
24505,8168,1
24506,8168,2
24507,8169,0
24508,8169,1
24509,8169,2
24510,8170,0
24511,8170,1
24512,8170,2
24513,8171,0
24514,8171,1
24515,8171,2
24516,8172,0
24517,8172,1
24518,8172,2
24519,8173,0
24520,8173,1
24521,8173,2
24522,8174,0
24523,8174,1
24524,8174,2
24525,8175,0
24526,8175,1
24527,8175,2
24528,8176,0
24529,8176,1
24530,8176,2
24531,8177,0
24532,8177,1
24533,8177,2
24534,8178,0
24535,8178,1
24536,8178,2
24537,8179,0
24538,8179,1
24539,8179,2
24540,8180,0
24541,8180,1
24542,8180,2
24543,8181,0
24544,8181,1
24545,8181,2
24546,8182,0
24547,8182,1
24548,8182,2
24549,8183,0
24550,8183,1
24551,8183,2
24552,8184,0
24553,8184,1
24554,8184,2
24555,8185,0
24556,8185,1
24557,8185,2
24558,8186,0
24559,8186,1
24560,8186,2
24561,8187,0
24562,8187,1
24563,8187,2
24564,8188,0
24565,8188,1
24566,8188,2
24567,8189,0
24568,8189,1
24569,8189,2
24570,8190,0
24571,8190,1
24572,8190,2
24573,8191,0
24574,8191,1
24575,8191,2
24576,8192,0
24577,8192,1
24578,8192,2
24579,8193,0
24580,8193,1
24581,8193,2
24582,8194,0
24583,8194,1
24584,8194,2
24585,8195,0
24586,8195,1
24587,8195,2
24588,8196,0
24589,8196,1
24590,8196,2
24591,8197,0
24592,8197,1
24593,8197,2
24594,8198,0
24595,8198,1
24596,8198,2
24597,8199,0
24598,8199,1
24599,8199,2
24600,8200,0
24601,8200,1
24602,8200,2
24603,8201,0
24604,8201,1
24605,8201,2
24606,8202,0
24607,8202,1
24608,8202,2
24609,8203,0
24610,8203,1
24611,8203,2
24612,8204,0
24613,8204,1
24614,8204,2
24615,8205,0
24616,8205,1
24617,8205,2
24618,8206,0
24619,8206,1
24620,8206,2
24621,8207,0
24622,8207,1
24623,8207,2
24624,8208,0
24625,8208,1
24626,8208,2
24627,8209,0
24628,8209,1
24629,8209,2
24630,8210,0
24631,8210,1
24632,8210,2
24633,8211,0
24634,8211,1
24635,8211,2
24636,8212,0
24637,8212,1
24638,8212,2
24639,8213,0
24640,8213,1
24641,8213,2
24642,8214,0
24643,8214,1
24644,8214,2
24645,8215,0
24646,8215,1
24647,8215,2
24648,8216,0
24649,8216,1
24650,8216,2
24651,8217,0
24652,8217,1
24653,8217,2
24654,8218,0
24655,8218,1
24656,8218,2
24657,8219,0
24658,8219,1
24659,8219,2
24660,8220,0
24661,8220,1
24662,8220,2
24663,8221,0
24664,8221,1
24665,8221,2
24666,8222,0
24667,8222,1
24668,8222,2
24669,8223,0
24670,8223,1
24671,8223,2
24672,8224,0
24673,8224,1
24674,8224,2
24675,8225,0
24676,8225,1
24677,8225,2
24678,8226,0
24679,8226,1
24680,8226,2
24681,8227,0
24682,8227,1
24683,8227,2
24684,8228,0
24685,8228,1
24686,8228,2
24687,8229,0
24688,8229,1
24689,8229,2
24690,8230,0
24691,8230,1
24692,8230,2
24693,8231,0
24694,8231,1
24695,8231,2
24696,8232,0
24697,8232,1
24698,8232,2
24699,8233,0
24700,8233,1
24701,8233,2
24702,8234,0
24703,8234,1
24704,8234,2
24705,8235,0
24706,8235,1
24707,8235,2
24708,8236,0
24709,8236,1
24710,8236,2
24711,8237,0
24712,8237,1
24713,8237,2
24714,8238,0
24715,8238,1
24716,8238,2
24717,8239,0
24718,8239,1
24719,8239,2
24720,8240,0
24721,8240,1
24722,8240,2
24723,8241,0
24724,8241,1
24725,8241,2
24726,8242,0
24727,8242,1
24728,8242,2
24729,8243,0
24730,8243,1
24731,8243,2
24732,8244,0
24733,8244,1
24734,8244,2
24735,8245,0
24736,8245,1
24737,8245,2
24738,8246,0
24739,8246,1
24740,8246,2
24741,8247,0
24742,8247,1
24743,8247,2
24744,8248,0
24745,8248,1
24746,8248,2
24747,8249,0
24748,8249,1
24749,8249,2
24750,8250,0
24751,8250,1
24752,8250,2
24753,8251,0
24754,8251,1
24755,8251,2
24756,8252,0
24757,8252,1
24758,8252,2
24759,8253,0
24760,8253,1
24761,8253,2
24762,8254,0
24763,8254,1
24764,8254,2
24765,8255,0
24766,8255,1
24767,8255,2
24768,8256,0
24769,8256,1
24770,8256,2
24771,8257,0
24772,8257,1
24773,8257,2
24774,8258,0
24775,8258,1
24776,8258,2
24777,8259,0
24778,8259,1
24779,8259,2
24780,8260,0
24781,8260,1
24782,8260,2
24783,8261,0
24784,8261,1
24785,8261,2
24786,8262,0
24787,8262,1
24788,8262,2
24789,8263,0
24790,8263,1
24791,8263,2
24792,8264,0
24793,8264,1
24794,8264,2
24795,8265,0
24796,8265,1
24797,8265,2
24798,8266,0
24799,8266,1
24800,8266,2
24801,8267,0
24802,8267,1
24803,8267,2
24804,8268,0
24805,8268,1
24806,8268,2
24807,8269,0
24808,8269,1
24809,8269,2
24810,8270,0
24811,8270,1
24812,8270,2
24813,8271,0
24814,8271,1
24815,8271,2
24816,8272,0
24817,8272,1
24818,8272,2
24819,8273,0
24820,8273,1
24821,8273,2
24822,8274,0
24823,8274,1
24824,8274,2
24825,8275,0
24826,8275,1
24827,8275,2
24828,8276,0
24829,8276,1
24830,8276,2
24831,8277,0
24832,8277,1
24833,8277,2
24834,8278,0
24835,8278,1
24836,8278,2
24837,8279,0
24838,8279,1
24839,8279,2
24840,8280,0
24841,8280,1
24842,8280,2
24843,8281,0
24844,8281,1
24845,8281,2
24846,8282,0
24847,8282,1
24848,8282,2
24849,8283,0
24850,8283,1
24851,8283,2
24852,8284,0
24853,8284,1
24854,8284,2
24855,8285,0
24856,8285,1
24857,8285,2
24858,8286,0
24859,8286,1
24860,8286,2
24861,8287,0
24862,8287,1
24863,8287,2
24864,8288,0
24865,8288,1
24866,8288,2
24867,8289,0
24868,8289,1
24869,8289,2
24870,8290,0
24871,8290,1
24872,8290,2
24873,8291,0
24874,8291,1
24875,8291,2
24876,8292,0
24877,8292,1
24878,8292,2
24879,8293,0
24880,8293,1
24881,8293,2
24882,8294,0
24883,8294,1
24884,8294,2
24885,8295,0
24886,8295,1
24887,8295,2
24888,8296,0
24889,8296,1
24890,8296,2
24891,8297,0
24892,8297,1
24893,8297,2
24894,8298,0
24895,8298,1
24896,8298,2
24897,8299,0
24898,8299,1
24899,8299,2
24900,8300,0
24901,8300,1
24902,8300,2
24903,8301,0
24904,8301,1
24905,8301,2
24906,8302,0
24907,8302,1
24908,8302,2
24909,8303,0
24910,8303,1
24911,8303,2
24912,8304,0
24913,8304,1
24914,8304,2
24915,8305,0
24916,8305,1
24917,8305,2
24918,8306,0
24919,8306,1
24920,8306,2
24921,8307,0
24922,8307,1
24923,8307,2
24924,8308,0
24925,8308,1
24926,8308,2
24927,8309,0
24928,8309,1
24929,8309,2
24930,8310,0
24931,8310,1
24932,8310,2
24933,8311,0
24934,8311,1
24935,8311,2
24936,8312,0
24937,8312,1
24938,8312,2
24939,8313,0
24940,8313,1
24941,8313,2
24942,8314,0
24943,8314,1
24944,8314,2
24945,8315,0
24946,8315,1
24947,8315,2
24948,8316,0
24949,8316,1
24950,8316,2
24951,8317,0
24952,8317,1
24953,8317,2
24954,8318,0
24955,8318,1
24956,8318,2
24957,8319,0
24958,8319,1
24959,8319,2
24960,8320,0
24961,8320,1
24962,8320,2
24963,8321,0
24964,8321,1
24965,8321,2
24966,8322,0
24967,8322,1
24968,8322,2
24969,8323,0
24970,8323,1
24971,8323,2
24972,8324,0
24973,8324,1
24974,8324,2
24975,8325,0
24976,8325,1
24977,8325,2
24978,8326,0
24979,8326,1
24980,8326,2
24981,8327,0
24982,8327,1
24983,8327,2
24984,8328,0
24985,8328,1
24986,8328,2
24987,8329,0
24988,8329,1
24989,8329,2
24990,8330,0
24991,8330,1
24992,8330,2
24993,8331,0
24994,8331,1
24995,8331,2
24996,8332,0
24997,8332,1
24998,8332,2
24999,8333,0
25000,8333,1
25001,8333,2
25002,8334,0
25003,8334,1
25004,8334,2
25005,8335,0
25006,8335,1
25007,8335,2
25008,8336,0
25009,8336,1
25010,8336,2
25011,8337,0
25012,8337,1
25013,8337,2
25014,8338,0
25015,8338,1
25016,8338,2
25017,8339,0
25018,8339,1
25019,8339,2
25020,8340,0
25021,8340,1
25022,8340,2
25023,8341,0
25024,8341,1
25025,8341,2
25026,8342,0
25027,8342,1
25028,8342,2
25029,8343,0
25030,8343,1
25031,8343,2
25032,8344,0
25033,8344,1
25034,8344,2
25035,8345,0
25036,8345,1
25037,8345,2
25038,8346,0
25039,8346,1
25040,8346,2
25041,8347,0
25042,8347,1
25043,8347,2
25044,8348,0
25045,8348,1
25046,8348,2
25047,8349,0
25048,8349,1
25049,8349,2
25050,8350,0
25051,8350,1
25052,8350,2
25053,8351,0
25054,8351,1
25055,8351,2
25056,8352,0
25057,8352,1
25058,8352,2
25059,8353,0
25060,8353,1
25061,8353,2
25062,8354,0
25063,8354,1
25064,8354,2
25065,8355,0
25066,8355,1
25067,8355,2
25068,8356,0
25069,8356,1
25070,8356,2
25071,8357,0
25072,8357,1
25073,8357,2
25074,8358,0
25075,8358,1
25076,8358,2
25077,8359,0
25078,8359,1
25079,8359,2
25080,8360,0
25081,8360,1
25082,8360,2
25083,8361,0
25084,8361,1
25085,8361,2
25086,8362,0
25087,8362,1
25088,8362,2
25089,8363,0
25090,8363,1
25091,8363,2
25092,8364,0
25093,8364,1
25094,8364,2
25095,8365,0
25096,8365,1
25097,8365,2
25098,8366,0
25099,8366,1
25100,8366,2
25101,8367,0
25102,8367,1
25103,8367,2
25104,8368,0
25105,8368,1
25106,8368,2
25107,8369,0
25108,8369,1
25109,8369,2
25110,8370,0
25111,8370,1
25112,8370,2
25113,8371,0
25114,8371,1
25115,8371,2
25116,8372,0
25117,8372,1
25118,8372,2
25119,8373,0
25120,8373,1
25121,8373,2
25122,8374,0
25123,8374,1
25124,8374,2
25125,8375,0
25126,8375,1
25127,8375,2
25128,8376,0
25129,8376,1
25130,8376,2
25131,8377,0
25132,8377,1
25133,8377,2
25134,8378,0
25135,8378,1
25136,8378,2
25137,8379,0
25138,8379,1
25139,8379,2
25140,8380,0
25141,8380,1
25142,8380,2
25143,8381,0
25144,8381,1
25145,8381,2
25146,8382,0
25147,8382,1
25148,8382,2
25149,8383,0
25150,8383,1
25151,8383,2
25152,8384,0
25153,8384,1
25154,8384,2
25155,8385,0
25156,8385,1
25157,8385,2
25158,8386,0
25159,8386,1
25160,8386,2
25161,8387,0
25162,8387,1
25163,8387,2
25164,8388,0
25165,8388,1
25166,8388,2
25167,8389,0
25168,8389,1
25169,8389,2
25170,8390,0
25171,8390,1
25172,8390,2
25173,8391,0
25174,8391,1
25175,8391,2
25176,8392,0
25177,8392,1
25178,8392,2
25179,8393,0
25180,8393,1
25181,8393,2
25182,8394,0
25183,8394,1
25184,8394,2
25185,8395,0
25186,8395,1
25187,8395,2
25188,8396,0
25189,8396,1
25190,8396,2
25191,8397,0
25192,8397,1
25193,8397,2
25194,8398,0
25195,8398,1
25196,8398,2
25197,8399,0
25198,8399,1
25199,8399,2
25200,8400,0
25201,8400,1
25202,8400,2
25203,8401,0
25204,8401,1
25205,8401,2
25206,8402,0
25207,8402,1
25208,8402,2
25209,8403,0
25210,8403,1
25211,8403,2
25212,8404,0
25213,8404,1
25214,8404,2
25215,8405,0
25216,8405,1
25217,8405,2
25218,8406,0
25219,8406,1
25220,8406,2
25221,8407,0
25222,8407,1
25223,8407,2
25224,8408,0
25225,8408,1
25226,8408,2
25227,8409,0
25228,8409,1
25229,8409,2
25230,8410,0
25231,8410,1
25232,8410,2
25233,8411,0
25234,8411,1
25235,8411,2
25236,8412,0
25237,8412,1
25238,8412,2
25239,8413,0
25240,8413,1
25241,8413,2
25242,8414,0
25243,8414,1
25244,8414,2
25245,8415,0
25246,8415,1
25247,8415,2
25248,8416,0
25249,8416,1
25250,8416,2
25251,8417,0
25252,8417,1
25253,8417,2
25254,8418,0
25255,8418,1
25256,8418,2
25257,8419,0
25258,8419,1
25259,8419,2
25260,8420,0
25261,8420,1
25262,8420,2
25263,8421,0
25264,8421,1
25265,8421,2
25266,8422,0
25267,8422,1
25268,8422,2
25269,8423,0
25270,8423,1
25271,8423,2
25272,8424,0
25273,8424,1
25274,8424,2
25275,8425,0
25276,8425,1
25277,8425,2
25278,8426,0
25279,8426,1
25280,8426,2
25281,8427,0
25282,8427,1
25283,8427,2
25284,8428,0
25285,8428,1
25286,8428,2
25287,8429,0
25288,8429,1
25289,8429,2
25290,8430,0
25291,8430,1
25292,8430,2
25293,8431,0
25294,8431,1
25295,8431,2
25296,8432,0
25297,8432,1
25298,8432,2
25299,8433,0
25300,8433,1
25301,8433,2
25302,8434,0
25303,8434,1
25304,8434,2
25305,8435,0
25306,8435,1
25307,8435,2
25308,8436,0
25309,8436,1
25310,8436,2
25311,8437,0
25312,8437,1
25313,8437,2
25314,8438,0
25315,8438,1
25316,8438,2
25317,8439,0
25318,8439,1
25319,8439,2
25320,8440,0
25321,8440,1
25322,8440,2
25323,8441,0
25324,8441,1
25325,8441,2
25326,8442,0
25327,8442,1
25328,8442,2
25329,8443,0
25330,8443,1
25331,8443,2
25332,8444,0
25333,8444,1
25334,8444,2
25335,8445,0
25336,8445,1
25337,8445,2
25338,8446,0
25339,8446,1
25340,8446,2
25341,8447,0
25342,8447,1
25343,8447,2
25344,8448,0
25345,8448,1
25346,8448,2
25347,8449,0
25348,8449,1
25349,8449,2
25350,8450,0
25351,8450,1
25352,8450,2
25353,8451,0
25354,8451,1
25355,8451,2
25356,8452,0
25357,8452,1
25358,8452,2
25359,8453,0
25360,8453,1
25361,8453,2
25362,8454,0
25363,8454,1
25364,8454,2
25365,8455,0
25366,8455,1
25367,8455,2
25368,8456,0
25369,8456,1
25370,8456,2
25371,8457,0
25372,8457,1
25373,8457,2
25374,8458,0
25375,8458,1
25376,8458,2
25377,8459,0
25378,8459,1
25379,8459,2
25380,8460,0
25381,8460,1
25382,8460,2
25383,8461,0
25384,8461,1
25385,8461,2
25386,8462,0
25387,8462,1
25388,8462,2
25389,8463,0
25390,8463,1
25391,8463,2
25392,8464,0
25393,8464,1
25394,8464,2
25395,8465,0
25396,8465,1
25397,8465,2
25398,8466,0
25399,8466,1
25400,8466,2
25401,8467,0
25402,8467,1
25403,8467,2
25404,8468,0
25405,8468,1
25406,8468,2
25407,8469,0
25408,8469,1
25409,8469,2
25410,8470,0
25411,8470,1
25412,8470,2
25413,8471,0
25414,8471,1
25415,8471,2
25416,8472,0
25417,8472,1
25418,8472,2
25419,8473,0
25420,8473,1
25421,8473,2
25422,8474,0
25423,8474,1
25424,8474,2
25425,8475,0
25426,8475,1
25427,8475,2
25428,8476,0
25429,8476,1
25430,8476,2
25431,8477,0
25432,8477,1
25433,8477,2
25434,8478,0
25435,8478,1
25436,8478,2
25437,8479,0
25438,8479,1
25439,8479,2
25440,8480,0
25441,8480,1
25442,8480,2
25443,8481,0
25444,8481,1
25445,8481,2
25446,8482,0
25447,8482,1
25448,8482,2
25449,8483,0
25450,8483,1
25451,8483,2
25452,8484,0
25453,8484,1
25454,8484,2
25455,8485,0
25456,8485,1
25457,8485,2
25458,8486,0
25459,8486,1
25460,8486,2
25461,8487,0
25462,8487,1
25463,8487,2
25464,8488,0
25465,8488,1
25466,8488,2
25467,8489,0
25468,8489,1
25469,8489,2
25470,8490,0
25471,8490,1
25472,8490,2
25473,8491,0
25474,8491,1
25475,8491,2
25476,8492,0
25477,8492,1
25478,8492,2
25479,8493,0
25480,8493,1
25481,8493,2
25482,8494,0
25483,8494,1
25484,8494,2
25485,8495,0
25486,8495,1
25487,8495,2
25488,8496,0
25489,8496,1
25490,8496,2
25491,8497,0
25492,8497,1
25493,8497,2
25494,8498,0
25495,8498,1
25496,8498,2
25497,8499,0
25498,8499,1
25499,8499,2
25500,8500,0
25501,8500,1
25502,8500,2
25503,8501,0
25504,8501,1
25505,8501,2
25506,8502,0
25507,8502,1
25508,8502,2
25509,8503,0
25510,8503,1
25511,8503,2
25512,8504,0
25513,8504,1
25514,8504,2
25515,8505,0
25516,8505,1
25517,8505,2
25518,8506,0
25519,8506,1
25520,8506,2
25521,8507,0
25522,8507,1
25523,8507,2
25524,8508,0
25525,8508,1
25526,8508,2
25527,8509,0
25528,8509,1
25529,8509,2
25530,8510,0
25531,8510,1
25532,8510,2
25533,8511,0
25534,8511,1
25535,8511,2
25536,8512,0
25537,8512,1
25538,8512,2
25539,8513,0
25540,8513,1
25541,8513,2
25542,8514,0
25543,8514,1
25544,8514,2
25545,8515,0
25546,8515,1
25547,8515,2
25548,8516,0
25549,8516,1
25550,8516,2
25551,8517,0
25552,8517,1
25553,8517,2
25554,8518,0
25555,8518,1
25556,8518,2
25557,8519,0
25558,8519,1
25559,8519,2
25560,8520,0
25561,8520,1
25562,8520,2
25563,8521,0
25564,8521,1
25565,8521,2
25566,8522,0
25567,8522,1
25568,8522,2
25569,8523,0
25570,8523,1
25571,8523,2
25572,8524,0
25573,8524,1
25574,8524,2
25575,8525,0
25576,8525,1
25577,8525,2
25578,8526,0
25579,8526,1
25580,8526,2
25581,8527,0
25582,8527,1
25583,8527,2
25584,8528,0
25585,8528,1
25586,8528,2
25587,8529,0
25588,8529,1
25589,8529,2
25590,8530,0
25591,8530,1
25592,8530,2
25593,8531,0
25594,8531,1
25595,8531,2
25596,8532,0
25597,8532,1
25598,8532,2
25599,8533,0
25600,8533,1
25601,8533,2
25602,8534,0
25603,8534,1
25604,8534,2
25605,8535,0
25606,8535,1
25607,8535,2
25608,8536,0
25609,8536,1
25610,8536,2
25611,8537,0
25612,8537,1
25613,8537,2
25614,8538,0
25615,8538,1
25616,8538,2
25617,8539,0
25618,8539,1
25619,8539,2
25620,8540,0
25621,8540,1
25622,8540,2
25623,8541,0
25624,8541,1
25625,8541,2
25626,8542,0
25627,8542,1
25628,8542,2
25629,8543,0
25630,8543,1
25631,8543,2
25632,8544,0
25633,8544,1
25634,8544,2
25635,8545,0
25636,8545,1
25637,8545,2
25638,8546,0
25639,8546,1
25640,8546,2
25641,8547,0
25642,8547,1
25643,8547,2
25644,8548,0
25645,8548,1
25646,8548,2
25647,8549,0
25648,8549,1
25649,8549,2
25650,8550,0
25651,8550,1
25652,8550,2
25653,8551,0
25654,8551,1
25655,8551,2
25656,8552,0
25657,8552,1
25658,8552,2
25659,8553,0
25660,8553,1
25661,8553,2
25662,8554,0
25663,8554,1
25664,8554,2
25665,8555,0
25666,8555,1
25667,8555,2
25668,8556,0
25669,8556,1
25670,8556,2
25671,8557,0
25672,8557,1
25673,8557,2
25674,8558,0
25675,8558,1
25676,8558,2
25677,8559,0
25678,8559,1
25679,8559,2
25680,8560,0
25681,8560,1
25682,8560,2
25683,8561,0
25684,8561,1
25685,8561,2
25686,8562,0
25687,8562,1
25688,8562,2
25689,8563,0
25690,8563,1
25691,8563,2
25692,8564,0
25693,8564,1
25694,8564,2
25695,8565,0
25696,8565,1
25697,8565,2
25698,8566,0
25699,8566,1
25700,8566,2
25701,8567,0
25702,8567,1
25703,8567,2
25704,8568,0
25705,8568,1
25706,8568,2
25707,8569,0
25708,8569,1
25709,8569,2
25710,8570,0
25711,8570,1
25712,8570,2
25713,8571,0
25714,8571,1
25715,8571,2
25716,8572,0
25717,8572,1
25718,8572,2
25719,8573,0
25720,8573,1
25721,8573,2
25722,8574,0
25723,8574,1
25724,8574,2
25725,8575,0
25726,8575,1
25727,8575,2
25728,8576,0
25729,8576,1
25730,8576,2
25731,8577,0
25732,8577,1
25733,8577,2
25734,8578,0
25735,8578,1
25736,8578,2
25737,8579,0
25738,8579,1
25739,8579,2
25740,8580,0
25741,8580,1
25742,8580,2
25743,8581,0
25744,8581,1
25745,8581,2
25746,8582,0
25747,8582,1
25748,8582,2
25749,8583,0
25750,8583,1
25751,8583,2
25752,8584,0
25753,8584,1
25754,8584,2
25755,8585,0
25756,8585,1
25757,8585,2
25758,8586,0
25759,8586,1
25760,8586,2
25761,8587,0
25762,8587,1
25763,8587,2
25764,8588,0
25765,8588,1
25766,8588,2
25767,8589,0
25768,8589,1
25769,8589,2
25770,8590,0
25771,8590,1
25772,8590,2
25773,8591,0
25774,8591,1
25775,8591,2
25776,8592,0
25777,8592,1
25778,8592,2
25779,8593,0
25780,8593,1
25781,8593,2
25782,8594,0
25783,8594,1
25784,8594,2
25785,8595,0
25786,8595,1
25787,8595,2
25788,8596,0
25789,8596,1
25790,8596,2
25791,8597,0
25792,8597,1
25793,8597,2
25794,8598,0
25795,8598,1
25796,8598,2
25797,8599,0
25798,8599,1
25799,8599,2
25800,8600,0
25801,8600,1
25802,8600,2
25803,8601,0
25804,8601,1
25805,8601,2
25806,8602,0
25807,8602,1
25808,8602,2
25809,8603,0
25810,8603,1
25811,8603,2
25812,8604,0
25813,8604,1
25814,8604,2
25815,8605,0
25816,8605,1
25817,8605,2
25818,8606,0
25819,8606,1
25820,8606,2
25821,8607,0
25822,8607,1
25823,8607,2
25824,8608,0
25825,8608,1
25826,8608,2
25827,8609,0
25828,8609,1
25829,8609,2
25830,8610,0
25831,8610,1
25832,8610,2
25833,8611,0
25834,8611,1
25835,8611,2
25836,8612,0
25837,8612,1
25838,8612,2
25839,8613,0
25840,8613,1
25841,8613,2
25842,8614,0
25843,8614,1
25844,8614,2
25845,8615,0
25846,8615,1
25847,8615,2
25848,8616,0
25849,8616,1
25850,8616,2
25851,8617,0
25852,8617,1
25853,8617,2
25854,8618,0
25855,8618,1
25856,8618,2
25857,8619,0
25858,8619,1
25859,8619,2
25860,8620,0
25861,8620,1
25862,8620,2
25863,8621,0
25864,8621,1
25865,8621,2
25866,8622,0
25867,8622,1
25868,8622,2
25869,8623,0
25870,8623,1
25871,8623,2
25872,8624,0
25873,8624,1
25874,8624,2
25875,8625,0
25876,8625,1
25877,8625,2
25878,8626,0
25879,8626,1
25880,8626,2
25881,8627,0
25882,8627,1
25883,8627,2
25884,8628,0
25885,8628,1
25886,8628,2
25887,8629,0
25888,8629,1
25889,8629,2
25890,8630,0
25891,8630,1
25892,8630,2
25893,8631,0
25894,8631,1
25895,8631,2
25896,8632,0
25897,8632,1
25898,8632,2
25899,8633,0
25900,8633,1
25901,8633,2
25902,8634,0
25903,8634,1
25904,8634,2
25905,8635,0
25906,8635,1
25907,8635,2
25908,8636,0
25909,8636,1
25910,8636,2
25911,8637,0
25912,8637,1
25913,8637,2
25914,8638,0
25915,8638,1
25916,8638,2
25917,8639,0
25918,8639,1
25919,8639,2
25920,8640,0
25921,8640,1
25922,8640,2
25923,8641,0
25924,8641,1
25925,8641,2
25926,8642,0
25927,8642,1
25928,8642,2
25929,8643,0
25930,8643,1
25931,8643,2
25932,8644,0
25933,8644,1
25934,8644,2
25935,8645,0
25936,8645,1
25937,8645,2
25938,8646,0
25939,8646,1
25940,8646,2
25941,8647,0
25942,8647,1
25943,8647,2
25944,8648,0
25945,8648,1
25946,8648,2
25947,8649,0
25948,8649,1
25949,8649,2
25950,8650,0
25951,8650,1
25952,8650,2
25953,8651,0
25954,8651,1
25955,8651,2
25956,8652,0
25957,8652,1
25958,8652,2
25959,8653,0
25960,8653,1
25961,8653,2
25962,8654,0
25963,8654,1
25964,8654,2
25965,8655,0
25966,8655,1
25967,8655,2
25968,8656,0
25969,8656,1
25970,8656,2
25971,8657,0
25972,8657,1
25973,8657,2
25974,8658,0
25975,8658,1
25976,8658,2
25977,8659,0
25978,8659,1
25979,8659,2
25980,8660,0
25981,8660,1
25982,8660,2
25983,8661,0
25984,8661,1
25985,8661,2
25986,8662,0
25987,8662,1
25988,8662,2
25989,8663,0
25990,8663,1
25991,8663,2
25992,8664,0
25993,8664,1
25994,8664,2
25995,8665,0
25996,8665,1
25997,8665,2
25998,8666,0
25999,8666,1
26000,8666,2
26001,8667,0
26002,8667,1
26003,8667,2
26004,8668,0
26005,8668,1
26006,8668,2
26007,8669,0
26008,8669,1
26009,8669,2
26010,8670,0
26011,8670,1
26012,8670,2
26013,8671,0
26014,8671,1
26015,8671,2
26016,8672,0
26017,8672,1
26018,8672,2
26019,8673,0
26020,8673,1
26021,8673,2
26022,8674,0
26023,8674,1
26024,8674,2
26025,8675,0
26026,8675,1
26027,8675,2
26028,8676,0
26029,8676,1
26030,8676,2
26031,8677,0
26032,8677,1
26033,8677,2
26034,8678,0
26035,8678,1
26036,8678,2
26037,8679,0
26038,8679,1
26039,8679,2
26040,8680,0
26041,8680,1
26042,8680,2
26043,8681,0
26044,8681,1
26045,8681,2
26046,8682,0
26047,8682,1
26048,8682,2
26049,8683,0
26050,8683,1
26051,8683,2
26052,8684,0
26053,8684,1
26054,8684,2
26055,8685,0
26056,8685,1
26057,8685,2
26058,8686,0
26059,8686,1
26060,8686,2
26061,8687,0
26062,8687,1
26063,8687,2
26064,8688,0
26065,8688,1
26066,8688,2
26067,8689,0
26068,8689,1
26069,8689,2
26070,8690,0
26071,8690,1
26072,8690,2
26073,8691,0
26074,8691,1
26075,8691,2
26076,8692,0
26077,8692,1
26078,8692,2
26079,8693,0
26080,8693,1
26081,8693,2
26082,8694,0
26083,8694,1
26084,8694,2
26085,8695,0
26086,8695,1
26087,8695,2
26088,8696,0
26089,8696,1
26090,8696,2
26091,8697,0
26092,8697,1
26093,8697,2
26094,8698,0
26095,8698,1
26096,8698,2
26097,8699,0
26098,8699,1
26099,8699,2
26100,8700,0
26101,8700,1
26102,8700,2
26103,8701,0
26104,8701,1
26105,8701,2
26106,8702,0
26107,8702,1
26108,8702,2
26109,8703,0
26110,8703,1
26111,8703,2
26112,8704,0
26113,8704,1
26114,8704,2
26115,8705,0
26116,8705,1
26117,8705,2
26118,8706,0
26119,8706,1
26120,8706,2
26121,8707,0
26122,8707,1
26123,8707,2
26124,8708,0
26125,8708,1
26126,8708,2
26127,8709,0
26128,8709,1
26129,8709,2
26130,8710,0
26131,8710,1
26132,8710,2
26133,8711,0
26134,8711,1
26135,8711,2
26136,8712,0
26137,8712,1
26138,8712,2
26139,8713,0
26140,8713,1
26141,8713,2
26142,8714,0
26143,8714,1
26144,8714,2
26145,8715,0
26146,8715,1
26147,8715,2
26148,8716,0
26149,8716,1
26150,8716,2
26151,8717,0
26152,8717,1
26153,8717,2
26154,8718,0
26155,8718,1
26156,8718,2
26157,8719,0
26158,8719,1
26159,8719,2
26160,8720,0
26161,8720,1
26162,8720,2
26163,8721,0
26164,8721,1
26165,8721,2
26166,8722,0
26167,8722,1
26168,8722,2
26169,8723,0
26170,8723,1
26171,8723,2
26172,8724,0
26173,8724,1
26174,8724,2
26175,8725,0
26176,8725,1
26177,8725,2
26178,8726,0
26179,8726,1
26180,8726,2
26181,8727,0
26182,8727,1
26183,8727,2
26184,8728,0
26185,8728,1
26186,8728,2
26187,8729,0
26188,8729,1
26189,8729,2
26190,8730,0
26191,8730,1
26192,8730,2
26193,8731,0
26194,8731,1
26195,8731,2
26196,8732,0
26197,8732,1
26198,8732,2
26199,8733,0
26200,8733,1
26201,8733,2
26202,8734,0
26203,8734,1
26204,8734,2
26205,8735,0
26206,8735,1
26207,8735,2
26208,8736,0
26209,8736,1
26210,8736,2
26211,8737,0
26212,8737,1
26213,8737,2
26214,8738,0
26215,8738,1
26216,8738,2
26217,8739,0
26218,8739,1
26219,8739,2
26220,8740,0
26221,8740,1
26222,8740,2
26223,8741,0
26224,8741,1
26225,8741,2
26226,8742,0
26227,8742,1
26228,8742,2
26229,8743,0
26230,8743,1
26231,8743,2
26232,8744,0
26233,8744,1
26234,8744,2
26235,8745,0
26236,8745,1
26237,8745,2
26238,8746,0
26239,8746,1
26240,8746,2
26241,8747,0
26242,8747,1
26243,8747,2
26244,8748,0
26245,8748,1
26246,8748,2
26247,8749,0
26248,8749,1
26249,8749,2
26250,8750,0
26251,8750,1
26252,8750,2
26253,8751,0
26254,8751,1
26255,8751,2
26256,8752,0
26257,8752,1
26258,8752,2
26259,8753,0
26260,8753,1
26261,8753,2
26262,8754,0
26263,8754,1
26264,8754,2
26265,8755,0
26266,8755,1
26267,8755,2
26268,8756,0
26269,8756,1
26270,8756,2
26271,8757,0
26272,8757,1
26273,8757,2
26274,8758,0
26275,8758,1
26276,8758,2
26277,8759,0
26278,8759,1
26279,8759,2
26280,8760,0
26281,8760,1
26282,8760,2
26283,8761,0
26284,8761,1
26285,8761,2
26286,8762,0
26287,8762,1
26288,8762,2
26289,8763,0
26290,8763,1
26291,8763,2
26292,8764,0
26293,8764,1
26294,8764,2
26295,8765,0
26296,8765,1
26297,8765,2
26298,8766,0
26299,8766,1
26300,8766,2
26301,8767,0
26302,8767,1
26303,8767,2
26304,8768,0
26305,8768,1
26306,8768,2
26307,8769,0
26308,8769,1
26309,8769,2
26310,8770,0
26311,8770,1
26312,8770,2
26313,8771,0
26314,8771,1
26315,8771,2
26316,8772,0
26317,8772,1
26318,8772,2
26319,8773,0
26320,8773,1
26321,8773,2
26322,8774,0
26323,8774,1
26324,8774,2
26325,8775,0
26326,8775,1
26327,8775,2
26328,8776,0
26329,8776,1
26330,8776,2
26331,8777,0
26332,8777,1
26333,8777,2
26334,8778,0
26335,8778,1
26336,8778,2
26337,8779,0
26338,8779,1
26339,8779,2
26340,8780,0
26341,8780,1
26342,8780,2
26343,8781,0
26344,8781,1
26345,8781,2
26346,8782,0
26347,8782,1
26348,8782,2
26349,8783,0
26350,8783,1
26351,8783,2
26352,8784,0
26353,8784,1
26354,8784,2
26355,8785,0
26356,8785,1
26357,8785,2
26358,8786,0
26359,8786,1
26360,8786,2
26361,8787,0
26362,8787,1
26363,8787,2
26364,8788,0
26365,8788,1
26366,8788,2
26367,8789,0
26368,8789,1
26369,8789,2
26370,8790,0
26371,8790,1
26372,8790,2
26373,8791,0
26374,8791,1
26375,8791,2
26376,8792,0
26377,8792,1
26378,8792,2
26379,8793,0
26380,8793,1
26381,8793,2
26382,8794,0
26383,8794,1
26384,8794,2
26385,8795,0
26386,8795,1
26387,8795,2
26388,8796,0
26389,8796,1
26390,8796,2
26391,8797,0
26392,8797,1
26393,8797,2
26394,8798,0
26395,8798,1
26396,8798,2
26397,8799,0
26398,8799,1
26399,8799,2
26400,8800,0
26401,8800,1
26402,8800,2
26403,8801,0
26404,8801,1
26405,8801,2
26406,8802,0
26407,8802,1
26408,8802,2
26409,8803,0
26410,8803,1
26411,8803,2
26412,8804,0
26413,8804,1
26414,8804,2
26415,8805,0
26416,8805,1
26417,8805,2
26418,8806,0
26419,8806,1
26420,8806,2
26421,8807,0
26422,8807,1
26423,8807,2
26424,8808,0
26425,8808,1
26426,8808,2
26427,8809,0
26428,8809,1
26429,8809,2
26430,8810,0
26431,8810,1
26432,8810,2
26433,8811,0
26434,8811,1
26435,8811,2
26436,8812,0
26437,8812,1
26438,8812,2
26439,8813,0
26440,8813,1
26441,8813,2
26442,8814,0
26443,8814,1
26444,8814,2
26445,8815,0
26446,8815,1
26447,8815,2
26448,8816,0
26449,8816,1
26450,8816,2
26451,8817,0
26452,8817,1
26453,8817,2
26454,8818,0
26455,8818,1
26456,8818,2
26457,8819,0
26458,8819,1
26459,8819,2
26460,8820,0
26461,8820,1
26462,8820,2
26463,8821,0
26464,8821,1
26465,8821,2
26466,8822,0
26467,8822,1
26468,8822,2
26469,8823,0
26470,8823,1
26471,8823,2
26472,8824,0
26473,8824,1
26474,8824,2
26475,8825,0
26476,8825,1
26477,8825,2
26478,8826,0
26479,8826,1
26480,8826,2
26481,8827,0
26482,8827,1
26483,8827,2
26484,8828,0
26485,8828,1
26486,8828,2
26487,8829,0
26488,8829,1
26489,8829,2
26490,8830,0
26491,8830,1
26492,8830,2
26493,8831,0
26494,8831,1
26495,8831,2
26496,8832,0
26497,8832,1
26498,8832,2
26499,8833,0
26500,8833,1
26501,8833,2
26502,8834,0
26503,8834,1
26504,8834,2
26505,8835,0
26506,8835,1
26507,8835,2
26508,8836,0
26509,8836,1
26510,8836,2
26511,8837,0
26512,8837,1
26513,8837,2
26514,8838,0
26515,8838,1
26516,8838,2
26517,8839,0
26518,8839,1
26519,8839,2
26520,8840,0
26521,8840,1
26522,8840,2
26523,8841,0
26524,8841,1
26525,8841,2
26526,8842,0
26527,8842,1
26528,8842,2
26529,8843,0
26530,8843,1
26531,8843,2
26532,8844,0
26533,8844,1
26534,8844,2
26535,8845,0
26536,8845,1
26537,8845,2
26538,8846,0
26539,8846,1
26540,8846,2
26541,8847,0
26542,8847,1
26543,8847,2
26544,8848,0
26545,8848,1
26546,8848,2
26547,8849,0
26548,8849,1
26549,8849,2
26550,8850,0
26551,8850,1
26552,8850,2
26553,8851,0
26554,8851,1
26555,8851,2
26556,8852,0
26557,8852,1
26558,8852,2
26559,8853,0
26560,8853,1
26561,8853,2
26562,8854,0
26563,8854,1
26564,8854,2
26565,8855,0
26566,8855,1
26567,8855,2
26568,8856,0
26569,8856,1
26570,8856,2
26571,8857,0
26572,8857,1
26573,8857,2
26574,8858,0
26575,8858,1
26576,8858,2
26577,8859,0
26578,8859,1
26579,8859,2
26580,8860,0
26581,8860,1
26582,8860,2
26583,8861,0
26584,8861,1
26585,8861,2
26586,8862,0
26587,8862,1
26588,8862,2
26589,8863,0
26590,8863,1
26591,8863,2
26592,8864,0
26593,8864,1
26594,8864,2
26595,8865,0
26596,8865,1
26597,8865,2
26598,8866,0
26599,8866,1
26600,8866,2
26601,8867,0
26602,8867,1
26603,8867,2
26604,8868,0
26605,8868,1
26606,8868,2
26607,8869,0
26608,8869,1
26609,8869,2
26610,8870,0
26611,8870,1
26612,8870,2
26613,8871,0
26614,8871,1
26615,8871,2
26616,8872,0
26617,8872,1
26618,8872,2
26619,8873,0
26620,8873,1
26621,8873,2
26622,8874,0
26623,8874,1
26624,8874,2
26625,8875,0
26626,8875,1
26627,8875,2
26628,8876,0
26629,8876,1
26630,8876,2
26631,8877,0
26632,8877,1
26633,8877,2
26634,8878,0
26635,8878,1
26636,8878,2
26637,8879,0
26638,8879,1
26639,8879,2
26640,8880,0
26641,8880,1
26642,8880,2
26643,8881,0
26644,8881,1
26645,8881,2
26646,8882,0
26647,8882,1
26648,8882,2
26649,8883,0
26650,8883,1
26651,8883,2
26652,8884,0
26653,8884,1
26654,8884,2
26655,8885,0
26656,8885,1
26657,8885,2
26658,8886,0
26659,8886,1
26660,8886,2
26661,8887,0
26662,8887,1
26663,8887,2
26664,8888,0
26665,8888,1
26666,8888,2
26667,8889,0
26668,8889,1
26669,8889,2
26670,8890,0
26671,8890,1
26672,8890,2
26673,8891,0
26674,8891,1
26675,8891,2
26676,8892,0
26677,8892,1
26678,8892,2
26679,8893,0
26680,8893,1
26681,8893,2
26682,8894,0
26683,8894,1
26684,8894,2
26685,8895,0
26686,8895,1
26687,8895,2
26688,8896,0
26689,8896,1
26690,8896,2
26691,8897,0
26692,8897,1
26693,8897,2
26694,8898,0
26695,8898,1
26696,8898,2
26697,8899,0
26698,8899,1
26699,8899,2
26700,8900,0
26701,8900,1
26702,8900,2
26703,8901,0
26704,8901,1
26705,8901,2
26706,8902,0
26707,8902,1
26708,8902,2
26709,8903,0
26710,8903,1
26711,8903,2
26712,8904,0
26713,8904,1
26714,8904,2
26715,8905,0
26716,8905,1
26717,8905,2
26718,8906,0
26719,8906,1
26720,8906,2
26721,8907,0
26722,8907,1
26723,8907,2
26724,8908,0
26725,8908,1
26726,8908,2
26727,8909,0
26728,8909,1
26729,8909,2
26730,8910,0
26731,8910,1
26732,8910,2
26733,8911,0
26734,8911,1
26735,8911,2
26736,8912,0
26737,8912,1
26738,8912,2
26739,8913,0
26740,8913,1
26741,8913,2
26742,8914,0
26743,8914,1
26744,8914,2
26745,8915,0
26746,8915,1
26747,8915,2
26748,8916,0
26749,8916,1
26750,8916,2
26751,8917,0
26752,8917,1
26753,8917,2
26754,8918,0
26755,8918,1
26756,8918,2
26757,8919,0
26758,8919,1
26759,8919,2
26760,8920,0
26761,8920,1
26762,8920,2
26763,8921,0
26764,8921,1
26765,8921,2
26766,8922,0
26767,8922,1
26768,8922,2
26769,8923,0
26770,8923,1
26771,8923,2
26772,8924,0
26773,8924,1
26774,8924,2
26775,8925,0
26776,8925,1
26777,8925,2
26778,8926,0
26779,8926,1
26780,8926,2
26781,8927,0
26782,8927,1
26783,8927,2
26784,8928,0
26785,8928,1
26786,8928,2
26787,8929,0
26788,8929,1
26789,8929,2
26790,8930,0
26791,8930,1
26792,8930,2
26793,8931,0
26794,8931,1
26795,8931,2
26796,8932,0
26797,8932,1
26798,8932,2
26799,8933,0
26800,8933,1
26801,8933,2
26802,8934,0
26803,8934,1
26804,8934,2
26805,8935,0
26806,8935,1
26807,8935,2
26808,8936,0
26809,8936,1
26810,8936,2
26811,8937,0
26812,8937,1
26813,8937,2
26814,8938,0
26815,8938,1
26816,8938,2
26817,8939,0
26818,8939,1
26819,8939,2
26820,8940,0
26821,8940,1
26822,8940,2
26823,8941,0
26824,8941,1
26825,8941,2
26826,8942,0
26827,8942,1
26828,8942,2
26829,8943,0
26830,8943,1
26831,8943,2
26832,8944,0
26833,8944,1
26834,8944,2
26835,8945,0
26836,8945,1
26837,8945,2
26838,8946,0
26839,8946,1
26840,8946,2
26841,8947,0
26842,8947,1
26843,8947,2
26844,8948,0
26845,8948,1
26846,8948,2
26847,8949,0
26848,8949,1
26849,8949,2
26850,8950,0
26851,8950,1
26852,8950,2
26853,8951,0
26854,8951,1
26855,8951,2
26856,8952,0
26857,8952,1
26858,8952,2
26859,8953,0
26860,8953,1
26861,8953,2
26862,8954,0
26863,8954,1
26864,8954,2
26865,8955,0
26866,8955,1
26867,8955,2
26868,8956,0
26869,8956,1
26870,8956,2
26871,8957,0
26872,8957,1
26873,8957,2
26874,8958,0
26875,8958,1
26876,8958,2
26877,8959,0
26878,8959,1
26879,8959,2
26880,8960,0
26881,8960,1
26882,8960,2
26883,8961,0
26884,8961,1
26885,8961,2
26886,8962,0
26887,8962,1
26888,8962,2
26889,8963,0
26890,8963,1
26891,8963,2
26892,8964,0
26893,8964,1
26894,8964,2
26895,8965,0
26896,8965,1
26897,8965,2
26898,8966,0
26899,8966,1
26900,8966,2
26901,8967,0
26902,8967,1
26903,8967,2
26904,8968,0
26905,8968,1
26906,8968,2
26907,8969,0
26908,8969,1
26909,8969,2
26910,8970,0
26911,8970,1
26912,8970,2
26913,8971,0
26914,8971,1
26915,8971,2
26916,8972,0
26917,8972,1
26918,8972,2
26919,8973,0
26920,8973,1
26921,8973,2
26922,8974,0
26923,8974,1
26924,8974,2
26925,8975,0
26926,8975,1
26927,8975,2
26928,8976,0
26929,8976,1
26930,8976,2
26931,8977,0
26932,8977,1
26933,8977,2
26934,8978,0
26935,8978,1
26936,8978,2
26937,8979,0
26938,8979,1
26939,8979,2
26940,8980,0
26941,8980,1
26942,8980,2
26943,8981,0
26944,8981,1
26945,8981,2
26946,8982,0
26947,8982,1
26948,8982,2
26949,8983,0
26950,8983,1
26951,8983,2
26952,8984,0
26953,8984,1
26954,8984,2
26955,8985,0
26956,8985,1
26957,8985,2
26958,8986,0
26959,8986,1
26960,8986,2
26961,8987,0
26962,8987,1
26963,8987,2
26964,8988,0
26965,8988,1
26966,8988,2
26967,8989,0
26968,8989,1
26969,8989,2
26970,8990,0
26971,8990,1
26972,8990,2
26973,8991,0
26974,8991,1
26975,8991,2
26976,8992,0
26977,8992,1
26978,8992,2
26979,8993,0
26980,8993,1
26981,8993,2
26982,8994,0
26983,8994,1
26984,8994,2
26985,8995,0
26986,8995,1
26987,8995,2
26988,8996,0
26989,8996,1
26990,8996,2
26991,8997,0
26992,8997,1
26993,8997,2
26994,8998,0
26995,8998,1
26996,8998,2
26997,8999,0
26998,8999,1
26999,8999,2
27000,9000,0
27001,9000,1
27002,9000,2
27003,9001,0
27004,9001,1
27005,9001,2
27006,9002,0
27007,9002,1
27008,9002,2
27009,9003,0
27010,9003,1
27011,9003,2
27012,9004,0
27013,9004,1
27014,9004,2
27015,9005,0
27016,9005,1
27017,9005,2
27018,9006,0
27019,9006,1
27020,9006,2
27021,9007,0
27022,9007,1
27023,9007,2
27024,9008,0
27025,9008,1
27026,9008,2
27027,9009,0
27028,9009,1
27029,9009,2
27030,9010,0
27031,9010,1
27032,9010,2
27033,9011,0
27034,9011,1
27035,9011,2
27036,9012,0
27037,9012,1
27038,9012,2
27039,9013,0
27040,9013,1
27041,9013,2
27042,9014,0
27043,9014,1
27044,9014,2
27045,9015,0
27046,9015,1
27047,9015,2
27048,9016,0
27049,9016,1
27050,9016,2
27051,9017,0
27052,9017,1
27053,9017,2
27054,9018,0
27055,9018,1
27056,9018,2
27057,9019,0
27058,9019,1
27059,9019,2
27060,9020,0
27061,9020,1
27062,9020,2
27063,9021,0
27064,9021,1
27065,9021,2
27066,9022,0
27067,9022,1
27068,9022,2
27069,9023,0
27070,9023,1
27071,9023,2
27072,9024,0
27073,9024,1
27074,9024,2
27075,9025,0
27076,9025,1
27077,9025,2
27078,9026,0
27079,9026,1
27080,9026,2
27081,9027,0
27082,9027,1
27083,9027,2
27084,9028,0
27085,9028,1
27086,9028,2
27087,9029,0
27088,9029,1
27089,9029,2
27090,9030,0
27091,9030,1
27092,9030,2
27093,9031,0
27094,9031,1
27095,9031,2
27096,9032,0
27097,9032,1
27098,9032,2
27099,9033,0
27100,9033,1
27101,9033,2
27102,9034,0
27103,9034,1
27104,9034,2
27105,9035,0
27106,9035,1
27107,9035,2
27108,9036,0
27109,9036,1
27110,9036,2
27111,9037,0
27112,9037,1
27113,9037,2
27114,9038,0
27115,9038,1
27116,9038,2
27117,9039,0
27118,9039,1
27119,9039,2
27120,9040,0
27121,9040,1
27122,9040,2
27123,9041,0
27124,9041,1
27125,9041,2
27126,9042,0
27127,9042,1
27128,9042,2
27129,9043,0
27130,9043,1
27131,9043,2
27132,9044,0
27133,9044,1
27134,9044,2
27135,9045,0
27136,9045,1
27137,9045,2
27138,9046,0
27139,9046,1
27140,9046,2
27141,9047,0
27142,9047,1
27143,9047,2
27144,9048,0
27145,9048,1
27146,9048,2
27147,9049,0
27148,9049,1
27149,9049,2
27150,9050,0
27151,9050,1
27152,9050,2
27153,9051,0
27154,9051,1
27155,9051,2
27156,9052,0
27157,9052,1
27158,9052,2
27159,9053,0
27160,9053,1
27161,9053,2
27162,9054,0
27163,9054,1
27164,9054,2
27165,9055,0
27166,9055,1
27167,9055,2
27168,9056,0
27169,9056,1
27170,9056,2
27171,9057,0
27172,9057,1
27173,9057,2
27174,9058,0
27175,9058,1
27176,9058,2
27177,9059,0
27178,9059,1
27179,9059,2
27180,9060,0
27181,9060,1
27182,9060,2
27183,9061,0
27184,9061,1
27185,9061,2
27186,9062,0
27187,9062,1
27188,9062,2
27189,9063,0
27190,9063,1
27191,9063,2
27192,9064,0
27193,9064,1
27194,9064,2
27195,9065,0
27196,9065,1
27197,9065,2
27198,9066,0
27199,9066,1
27200,9066,2
27201,9067,0
27202,9067,1
27203,9067,2
27204,9068,0
27205,9068,1
27206,9068,2
27207,9069,0
27208,9069,1
27209,9069,2
27210,9070,0
27211,9070,1
27212,9070,2
27213,9071,0
27214,9071,1
27215,9071,2
27216,9072,0
27217,9072,1
27218,9072,2
27219,9073,0
27220,9073,1
27221,9073,2
27222,9074,0
27223,9074,1
27224,9074,2
27225,9075,0
27226,9075,1
27227,9075,2
27228,9076,0
27229,9076,1
27230,9076,2
27231,9077,0
27232,9077,1
27233,9077,2
27234,9078,0
27235,9078,1
27236,9078,2
27237,9079,0
27238,9079,1
27239,9079,2
27240,9080,0
27241,9080,1
27242,9080,2
27243,9081,0
27244,9081,1
27245,9081,2
27246,9082,0
27247,9082,1
27248,9082,2
27249,9083,0
27250,9083,1
27251,9083,2
27252,9084,0
27253,9084,1
27254,9084,2
27255,9085,0
27256,9085,1
27257,9085,2
27258,9086,0
27259,9086,1
27260,9086,2
27261,9087,0
27262,9087,1
27263,9087,2
27264,9088,0
27265,9088,1
27266,9088,2
27267,9089,0
27268,9089,1
27269,9089,2
27270,9090,0
27271,9090,1
27272,9090,2
27273,9091,0
27274,9091,1
27275,9091,2
27276,9092,0
27277,9092,1
27278,9092,2
27279,9093,0
27280,9093,1
27281,9093,2
27282,9094,0
27283,9094,1
27284,9094,2
27285,9095,0
27286,9095,1
27287,9095,2
27288,9096,0
27289,9096,1
27290,9096,2
27291,9097,0
27292,9097,1
27293,9097,2
27294,9098,0
27295,9098,1
27296,9098,2
27297,9099,0
27298,9099,1
27299,9099,2
27300,9100,0
27301,9100,1
27302,9100,2
27303,9101,0
27304,9101,1
27305,9101,2
27306,9102,0
27307,9102,1
27308,9102,2
27309,9103,0
27310,9103,1
27311,9103,2
27312,9104,0
27313,9104,1
27314,9104,2
27315,9105,0
27316,9105,1
27317,9105,2
27318,9106,0
27319,9106,1
27320,9106,2
27321,9107,0
27322,9107,1
27323,9107,2
27324,9108,0
27325,9108,1
27326,9108,2
27327,9109,0
27328,9109,1
27329,9109,2
27330,9110,0
27331,9110,1
27332,9110,2
27333,9111,0
27334,9111,1
27335,9111,2
27336,9112,0
27337,9112,1
27338,9112,2
27339,9113,0
27340,9113,1
27341,9113,2
27342,9114,0
27343,9114,1
27344,9114,2
27345,9115,0
27346,9115,1
27347,9115,2
27348,9116,0
27349,9116,1
27350,9116,2
27351,9117,0
27352,9117,1
27353,9117,2
27354,9118,0
27355,9118,1
27356,9118,2
27357,9119,0
27358,9119,1
27359,9119,2
27360,9120,0
27361,9120,1
27362,9120,2
27363,9121,0
27364,9121,1
27365,9121,2
27366,9122,0
27367,9122,1
27368,9122,2
27369,9123,0
27370,9123,1
27371,9123,2
27372,9124,0
27373,9124,1
27374,9124,2
27375,9125,0
27376,9125,1
27377,9125,2
27378,9126,0
27379,9126,1
27380,9126,2
27381,9127,0
27382,9127,1
27383,9127,2
27384,9128,0
27385,9128,1
27386,9128,2
27387,9129,0
27388,9129,1
27389,9129,2
27390,9130,0
27391,9130,1
27392,9130,2
27393,9131,0
27394,9131,1
27395,9131,2
27396,9132,0
27397,9132,1
27398,9132,2
27399,9133,0
27400,9133,1
27401,9133,2
27402,9134,0
27403,9134,1
27404,9134,2
27405,9135,0
27406,9135,1
27407,9135,2
27408,9136,0
27409,9136,1
27410,9136,2
27411,9137,0
27412,9137,1
27413,9137,2
27414,9138,0
27415,9138,1
27416,9138,2
27417,9139,0
27418,9139,1
27419,9139,2
27420,9140,0
27421,9140,1
27422,9140,2
27423,9141,0
27424,9141,1
27425,9141,2
27426,9142,0
27427,9142,1
27428,9142,2
27429,9143,0
27430,9143,1
27431,9143,2
27432,9144,0
27433,9144,1
27434,9144,2
27435,9145,0
27436,9145,1
27437,9145,2
27438,9146,0
27439,9146,1
27440,9146,2
27441,9147,0
27442,9147,1
27443,9147,2
27444,9148,0
27445,9148,1
27446,9148,2
27447,9149,0
27448,9149,1
27449,9149,2
27450,9150,0
27451,9150,1
27452,9150,2
27453,9151,0
27454,9151,1
27455,9151,2
27456,9152,0
27457,9152,1
27458,9152,2
27459,9153,0
27460,9153,1
27461,9153,2
27462,9154,0
27463,9154,1
27464,9154,2
27465,9155,0
27466,9155,1
27467,9155,2
27468,9156,0
27469,9156,1
27470,9156,2
27471,9157,0
27472,9157,1
27473,9157,2
27474,9158,0
27475,9158,1
27476,9158,2
27477,9159,0
27478,9159,1
27479,9159,2
27480,9160,0
27481,9160,1
27482,9160,2
27483,9161,0
27484,9161,1
27485,9161,2
27486,9162,0
27487,9162,1
27488,9162,2
27489,9163,0
27490,9163,1
27491,9163,2
27492,9164,0
27493,9164,1
27494,9164,2
27495,9165,0
27496,9165,1
27497,9165,2
27498,9166,0
27499,9166,1
27500,9166,2
27501,9167,0
27502,9167,1
27503,9167,2
27504,9168,0
27505,9168,1
27506,9168,2
27507,9169,0
27508,9169,1
27509,9169,2
27510,9170,0
27511,9170,1
27512,9170,2
27513,9171,0
27514,9171,1
27515,9171,2
27516,9172,0
27517,9172,1
27518,9172,2
27519,9173,0
27520,9173,1
27521,9173,2
27522,9174,0
27523,9174,1
27524,9174,2
27525,9175,0
27526,9175,1
27527,9175,2
27528,9176,0
27529,9176,1
27530,9176,2
27531,9177,0
27532,9177,1
27533,9177,2
27534,9178,0
27535,9178,1
27536,9178,2
27537,9179,0
27538,9179,1
27539,9179,2
27540,9180,0
27541,9180,1
27542,9180,2
27543,9181,0
27544,9181,1
27545,9181,2
27546,9182,0
27547,9182,1
27548,9182,2
27549,9183,0
27550,9183,1
27551,9183,2
27552,9184,0
27553,9184,1
27554,9184,2
27555,9185,0
27556,9185,1
27557,9185,2
27558,9186,0
27559,9186,1
27560,9186,2
27561,9187,0
27562,9187,1
27563,9187,2
27564,9188,0
27565,9188,1
27566,9188,2
27567,9189,0
27568,9189,1
27569,9189,2
27570,9190,0
27571,9190,1
27572,9190,2
27573,9191,0
27574,9191,1
27575,9191,2
27576,9192,0
27577,9192,1
27578,9192,2
27579,9193,0
27580,9193,1
27581,9193,2
27582,9194,0
27583,9194,1
27584,9194,2
27585,9195,0
27586,9195,1
27587,9195,2
27588,9196,0
27589,9196,1
27590,9196,2
27591,9197,0
27592,9197,1
27593,9197,2
27594,9198,0
27595,9198,1
27596,9198,2
27597,9199,0
27598,9199,1
27599,9199,2
27600,9200,0
27601,9200,1
27602,9200,2
27603,9201,0
27604,9201,1
27605,9201,2
27606,9202,0
27607,9202,1
27608,9202,2
27609,9203,0
27610,9203,1
27611,9203,2
27612,9204,0
27613,9204,1
27614,9204,2
27615,9205,0
27616,9205,1
27617,9205,2
27618,9206,0
27619,9206,1
27620,9206,2
27621,9207,0
27622,9207,1
27623,9207,2
27624,9208,0
27625,9208,1
27626,9208,2
27627,9209,0
27628,9209,1
27629,9209,2
27630,9210,0
27631,9210,1
27632,9210,2
27633,9211,0
27634,9211,1
27635,9211,2
27636,9212,0
27637,9212,1
27638,9212,2
27639,9213,0
27640,9213,1
27641,9213,2
27642,9214,0
27643,9214,1
27644,9214,2
27645,9215,0
27646,9215,1
27647,9215,2
27648,9216,0
27649,9216,1
27650,9216,2
27651,9217,0
27652,9217,1
27653,9217,2
27654,9218,0
27655,9218,1
27656,9218,2
27657,9219,0
27658,9219,1
27659,9219,2
27660,9220,0
27661,9220,1
27662,9220,2
27663,9221,0
27664,9221,1
27665,9221,2
27666,9222,0
27667,9222,1
27668,9222,2
27669,9223,0
27670,9223,1
27671,9223,2
27672,9224,0
27673,9224,1
27674,9224,2
27675,9225,0
27676,9225,1
27677,9225,2
27678,9226,0
27679,9226,1
27680,9226,2
27681,9227,0
27682,9227,1
27683,9227,2
27684,9228,0
27685,9228,1
27686,9228,2
27687,9229,0
27688,9229,1
27689,9229,2
27690,9230,0
27691,9230,1
27692,9230,2
27693,9231,0
27694,9231,1
27695,9231,2
27696,9232,0
27697,9232,1
27698,9232,2
27699,9233,0
27700,9233,1
27701,9233,2
27702,9234,0
27703,9234,1
27704,9234,2
27705,9235,0
27706,9235,1
27707,9235,2
27708,9236,0
27709,9236,1
27710,9236,2
27711,9237,0
27712,9237,1
27713,9237,2
27714,9238,0
27715,9238,1
27716,9238,2
27717,9239,0
27718,9239,1
27719,9239,2
27720,9240,0
27721,9240,1
27722,9240,2
27723,9241,0
27724,9241,1
27725,9241,2
27726,9242,0
27727,9242,1
27728,9242,2
27729,9243,0
27730,9243,1
27731,9243,2
27732,9244,0
27733,9244,1
27734,9244,2
27735,9245,0
27736,9245,1
27737,9245,2
27738,9246,0
27739,9246,1
27740,9246,2
27741,9247,0
27742,9247,1
27743,9247,2
27744,9248,0
27745,9248,1
27746,9248,2
27747,9249,0
27748,9249,1
27749,9249,2
27750,9250,0
27751,9250,1
27752,9250,2
27753,9251,0
27754,9251,1
27755,9251,2
27756,9252,0
27757,9252,1
27758,9252,2
27759,9253,0
27760,9253,1
27761,9253,2
27762,9254,0
27763,9254,1
27764,9254,2
27765,9255,0
27766,9255,1
27767,9255,2
27768,9256,0
27769,9256,1
27770,9256,2
27771,9257,0
27772,9257,1
27773,9257,2
27774,9258,0
27775,9258,1
27776,9258,2
27777,9259,0
27778,9259,1
27779,9259,2
27780,9260,0
27781,9260,1
27782,9260,2
27783,9261,0
27784,9261,1
27785,9261,2
27786,9262,0
27787,9262,1
27788,9262,2
27789,9263,0
27790,9263,1
27791,9263,2
27792,9264,0
27793,9264,1
27794,9264,2
27795,9265,0
27796,9265,1
27797,9265,2
27798,9266,0
27799,9266,1
27800,9266,2
27801,9267,0
27802,9267,1
27803,9267,2
27804,9268,0
27805,9268,1
27806,9268,2
27807,9269,0
27808,9269,1
27809,9269,2
27810,9270,0
27811,9270,1
27812,9270,2
27813,9271,0
27814,9271,1
27815,9271,2
27816,9272,0
27817,9272,1
27818,9272,2
27819,9273,0
27820,9273,1
27821,9273,2
27822,9274,0
27823,9274,1
27824,9274,2
27825,9275,0
27826,9275,1
27827,9275,2
27828,9276,0
27829,9276,1
27830,9276,2
27831,9277,0
27832,9277,1
27833,9277,2
27834,9278,0
27835,9278,1
27836,9278,2
27837,9279,0
27838,9279,1
27839,9279,2
27840,9280,0
27841,9280,1
27842,9280,2
27843,9281,0
27844,9281,1
27845,9281,2
27846,9282,0
27847,9282,1
27848,9282,2
27849,9283,0
27850,9283,1
27851,9283,2
27852,9284,0
27853,9284,1
27854,9284,2
27855,9285,0
27856,9285,1
27857,9285,2
27858,9286,0
27859,9286,1
27860,9286,2
27861,9287,0
27862,9287,1
27863,9287,2
27864,9288,0
27865,9288,1
27866,9288,2
27867,9289,0
27868,9289,1
27869,9289,2
27870,9290,0
27871,9290,1
27872,9290,2
27873,9291,0
27874,9291,1
27875,9291,2
27876,9292,0
27877,9292,1
27878,9292,2
27879,9293,0
27880,9293,1
27881,9293,2
27882,9294,0
27883,9294,1
27884,9294,2
27885,9295,0
27886,9295,1
27887,9295,2
27888,9296,0
27889,9296,1
27890,9296,2
27891,9297,0
27892,9297,1
27893,9297,2
27894,9298,0
27895,9298,1
27896,9298,2
27897,9299,0
27898,9299,1
27899,9299,2
27900,9300,0
27901,9300,1
27902,9300,2
27903,9301,0
27904,9301,1
27905,9301,2
27906,9302,0
27907,9302,1
27908,9302,2
27909,9303,0
27910,9303,1
27911,9303,2
27912,9304,0
27913,9304,1
27914,9304,2
27915,9305,0
27916,9305,1
27917,9305,2
27918,9306,0
27919,9306,1
27920,9306,2
27921,9307,0
27922,9307,1
27923,9307,2
27924,9308,0
27925,9308,1
27926,9308,2
27927,9309,0
27928,9309,1
27929,9309,2
27930,9310,0
27931,9310,1
27932,9310,2
27933,9311,0
27934,9311,1
27935,9311,2
27936,9312,0
27937,9312,1
27938,9312,2
27939,9313,0
27940,9313,1
27941,9313,2
27942,9314,0
27943,9314,1
27944,9314,2
27945,9315,0
27946,9315,1
27947,9315,2
27948,9316,0
27949,9316,1
27950,9316,2
27951,9317,0
27952,9317,1
27953,9317,2
27954,9318,0
27955,9318,1
27956,9318,2
27957,9319,0
27958,9319,1
27959,9319,2
27960,9320,0
27961,9320,1
27962,9320,2
27963,9321,0
27964,9321,1
27965,9321,2
27966,9322,0
27967,9322,1
27968,9322,2
27969,9323,0
27970,9323,1
27971,9323,2
27972,9324,0
27973,9324,1
27974,9324,2
27975,9325,0
27976,9325,1
27977,9325,2
27978,9326,0
27979,9326,1
27980,9326,2
27981,9327,0
27982,9327,1
27983,9327,2
27984,9328,0
27985,9328,1
27986,9328,2
27987,9329,0
27988,9329,1
27989,9329,2
27990,9330,0
27991,9330,1
27992,9330,2
27993,9331,0
27994,9331,1
27995,9331,2
27996,9332,0
27997,9332,1
27998,9332,2
27999,9333,0
28000,9333,1
28001,9333,2
28002,9334,0
28003,9334,1
28004,9334,2
28005,9335,0
28006,9335,1
28007,9335,2
28008,9336,0
28009,9336,1
28010,9336,2
28011,9337,0
28012,9337,1
28013,9337,2
28014,9338,0
28015,9338,1
28016,9338,2
28017,9339,0
28018,9339,1
28019,9339,2
28020,9340,0
28021,9340,1
28022,9340,2
28023,9341,0
28024,9341,1
28025,9341,2
28026,9342,0
28027,9342,1
28028,9342,2
28029,9343,0
28030,9343,1
28031,9343,2
28032,9344,0
28033,9344,1
28034,9344,2
28035,9345,0
28036,9345,1
28037,9345,2
28038,9346,0
28039,9346,1
28040,9346,2
28041,9347,0
28042,9347,1
28043,9347,2
28044,9348,0
28045,9348,1
28046,9348,2
28047,9349,0
28048,9349,1
28049,9349,2
28050,9350,0
28051,9350,1
28052,9350,2
28053,9351,0
28054,9351,1
28055,9351,2
28056,9352,0
28057,9352,1
28058,9352,2
28059,9353,0
28060,9353,1
28061,9353,2
28062,9354,0
28063,9354,1
28064,9354,2
28065,9355,0
28066,9355,1
28067,9355,2
28068,9356,0
28069,9356,1
28070,9356,2
28071,9357,0
28072,9357,1
28073,9357,2
28074,9358,0
28075,9358,1
28076,9358,2
28077,9359,0
28078,9359,1
28079,9359,2
28080,9360,0
28081,9360,1
28082,9360,2
28083,9361,0
28084,9361,1
28085,9361,2
28086,9362,0
28087,9362,1
28088,9362,2
28089,9363,0
28090,9363,1
28091,9363,2
28092,9364,0
28093,9364,1
28094,9364,2
28095,9365,0
28096,9365,1
28097,9365,2
28098,9366,0
28099,9366,1
28100,9366,2
28101,9367,0
28102,9367,1
28103,9367,2
28104,9368,0
28105,9368,1
28106,9368,2
28107,9369,0
28108,9369,1
28109,9369,2
28110,9370,0
28111,9370,1
28112,9370,2
28113,9371,0
28114,9371,1
28115,9371,2
28116,9372,0
28117,9372,1
28118,9372,2
28119,9373,0
28120,9373,1
28121,9373,2
28122,9374,0
28123,9374,1
28124,9374,2
28125,9375,0
28126,9375,1
28127,9375,2
28128,9376,0
28129,9376,1
28130,9376,2
28131,9377,0
28132,9377,1
28133,9377,2
28134,9378,0
28135,9378,1
28136,9378,2
28137,9379,0
28138,9379,1
28139,9379,2
28140,9380,0
28141,9380,1
28142,9380,2
28143,9381,0
28144,9381,1
28145,9381,2
28146,9382,0
28147,9382,1
28148,9382,2
28149,9383,0
28150,9383,1
28151,9383,2
28152,9384,0
28153,9384,1
28154,9384,2
28155,9385,0
28156,9385,1
28157,9385,2
28158,9386,0
28159,9386,1
28160,9386,2
28161,9387,0
28162,9387,1
28163,9387,2
28164,9388,0
28165,9388,1
28166,9388,2
28167,9389,0
28168,9389,1
28169,9389,2
28170,9390,0
28171,9390,1
28172,9390,2
28173,9391,0
28174,9391,1
28175,9391,2
28176,9392,0
28177,9392,1
28178,9392,2
28179,9393,0
28180,9393,1
28181,9393,2
28182,9394,0
28183,9394,1
28184,9394,2
28185,9395,0
28186,9395,1
28187,9395,2
28188,9396,0
28189,9396,1
28190,9396,2
28191,9397,0
28192,9397,1
28193,9397,2
28194,9398,0
28195,9398,1
28196,9398,2
28197,9399,0
28198,9399,1
28199,9399,2
28200,9400,0
28201,9400,1
28202,9400,2
28203,9401,0
28204,9401,1
28205,9401,2
28206,9402,0
28207,9402,1
28208,9402,2
28209,9403,0
28210,9403,1
28211,9403,2
28212,9404,0
28213,9404,1
28214,9404,2
28215,9405,0
28216,9405,1
28217,9405,2
28218,9406,0
28219,9406,1
28220,9406,2
28221,9407,0
28222,9407,1
28223,9407,2
28224,9408,0
28225,9408,1
28226,9408,2
28227,9409,0
28228,9409,1
28229,9409,2
28230,9410,0
28231,9410,1
28232,9410,2
28233,9411,0
28234,9411,1
28235,9411,2
28236,9412,0
28237,9412,1
28238,9412,2
28239,9413,0
28240,9413,1
28241,9413,2
28242,9414,0
28243,9414,1
28244,9414,2
28245,9415,0
28246,9415,1
28247,9415,2
28248,9416,0
28249,9416,1
28250,9416,2
28251,9417,0
28252,9417,1
28253,9417,2
28254,9418,0
28255,9418,1
28256,9418,2
28257,9419,0
28258,9419,1
28259,9419,2
28260,9420,0
28261,9420,1
28262,9420,2
28263,9421,0
28264,9421,1
28265,9421,2
28266,9422,0
28267,9422,1
28268,9422,2
28269,9423,0
28270,9423,1
28271,9423,2
28272,9424,0
28273,9424,1
28274,9424,2
28275,9425,0
28276,9425,1
28277,9425,2
28278,9426,0
28279,9426,1
28280,9426,2
28281,9427,0
28282,9427,1
28283,9427,2
28284,9428,0
28285,9428,1
28286,9428,2
28287,9429,0
28288,9429,1
28289,9429,2
28290,9430,0
28291,9430,1
28292,9430,2
28293,9431,0
28294,9431,1
28295,9431,2
28296,9432,0
28297,9432,1
28298,9432,2
28299,9433,0
28300,9433,1
28301,9433,2
28302,9434,0
28303,9434,1
28304,9434,2
28305,9435,0
28306,9435,1
28307,9435,2
28308,9436,0
28309,9436,1
28310,9436,2
28311,9437,0
28312,9437,1
28313,9437,2
28314,9438,0
28315,9438,1
28316,9438,2
28317,9439,0
28318,9439,1
28319,9439,2
28320,9440,0
28321,9440,1
28322,9440,2
28323,9441,0
28324,9441,1
28325,9441,2
28326,9442,0
28327,9442,1
28328,9442,2
28329,9443,0
28330,9443,1
28331,9443,2
28332,9444,0
28333,9444,1
28334,9444,2
28335,9445,0
28336,9445,1
28337,9445,2
28338,9446,0
28339,9446,1
28340,9446,2
28341,9447,0
28342,9447,1
28343,9447,2
28344,9448,0
28345,9448,1
28346,9448,2
28347,9449,0
28348,9449,1
28349,9449,2
28350,9450,0
28351,9450,1
28352,9450,2
28353,9451,0
28354,9451,1
28355,9451,2
28356,9452,0
28357,9452,1
28358,9452,2
28359,9453,0
28360,9453,1
28361,9453,2
28362,9454,0
28363,9454,1
28364,9454,2
28365,9455,0
28366,9455,1
28367,9455,2
28368,9456,0
28369,9456,1
28370,9456,2
28371,9457,0
28372,9457,1
28373,9457,2
28374,9458,0
28375,9458,1
28376,9458,2
28377,9459,0
28378,9459,1
28379,9459,2
28380,9460,0
28381,9460,1
28382,9460,2
28383,9461,0
28384,9461,1
28385,9461,2
28386,9462,0
28387,9462,1
28388,9462,2
28389,9463,0
28390,9463,1
28391,9463,2
28392,9464,0
28393,9464,1
28394,9464,2
28395,9465,0
28396,9465,1
28397,9465,2
28398,9466,0
28399,9466,1
28400,9466,2
28401,9467,0
28402,9467,1
28403,9467,2
28404,9468,0
28405,9468,1
28406,9468,2
28407,9469,0
28408,9469,1
28409,9469,2
28410,9470,0
28411,9470,1
28412,9470,2
28413,9471,0
28414,9471,1
28415,9471,2
28416,9472,0
28417,9472,1
28418,9472,2
28419,9473,0
28420,9473,1
28421,9473,2
28422,9474,0
28423,9474,1
28424,9474,2
28425,9475,0
28426,9475,1
28427,9475,2
28428,9476,0
28429,9476,1
28430,9476,2
28431,9477,0
28432,9477,1
28433,9477,2
28434,9478,0
28435,9478,1
28436,9478,2
28437,9479,0
28438,9479,1
28439,9479,2
28440,9480,0
28441,9480,1
28442,9480,2
28443,9481,0
28444,9481,1
28445,9481,2
28446,9482,0
28447,9482,1
28448,9482,2
28449,9483,0
28450,9483,1
28451,9483,2
28452,9484,0
28453,9484,1
28454,9484,2
28455,9485,0
28456,9485,1
28457,9485,2
28458,9486,0
28459,9486,1
28460,9486,2
28461,9487,0
28462,9487,1
28463,9487,2
28464,9488,0
28465,9488,1
28466,9488,2
28467,9489,0
28468,9489,1
28469,9489,2
28470,9490,0
28471,9490,1
28472,9490,2
28473,9491,0
28474,9491,1
28475,9491,2
28476,9492,0
28477,9492,1
28478,9492,2
28479,9493,0
28480,9493,1
28481,9493,2
28482,9494,0
28483,9494,1
28484,9494,2
28485,9495,0
28486,9495,1
28487,9495,2
28488,9496,0
28489,9496,1
28490,9496,2
28491,9497,0
28492,9497,1
28493,9497,2
28494,9498,0
28495,9498,1
28496,9498,2
28497,9499,0
28498,9499,1
28499,9499,2
28500,9500,0
28501,9500,1
28502,9500,2
28503,9501,0
28504,9501,1
28505,9501,2
28506,9502,0
28507,9502,1
28508,9502,2
28509,9503,0
28510,9503,1
28511,9503,2
28512,9504,0
28513,9504,1
28514,9504,2
28515,9505,0
28516,9505,1
28517,9505,2
28518,9506,0
28519,9506,1
28520,9506,2
28521,9507,0
28522,9507,1
28523,9507,2
28524,9508,0
28525,9508,1
28526,9508,2
28527,9509,0
28528,9509,1
28529,9509,2
28530,9510,0
28531,9510,1
28532,9510,2
28533,9511,0
28534,9511,1
28535,9511,2
28536,9512,0
28537,9512,1
28538,9512,2
28539,9513,0
28540,9513,1
28541,9513,2
28542,9514,0
28543,9514,1
28544,9514,2
28545,9515,0
28546,9515,1
28547,9515,2
28548,9516,0
28549,9516,1
28550,9516,2
28551,9517,0
28552,9517,1
28553,9517,2
28554,9518,0
28555,9518,1
28556,9518,2
28557,9519,0
28558,9519,1
28559,9519,2
28560,9520,0
28561,9520,1
28562,9520,2
28563,9521,0
28564,9521,1
28565,9521,2
28566,9522,0
28567,9522,1
28568,9522,2
28569,9523,0
28570,9523,1
28571,9523,2
28572,9524,0
28573,9524,1
28574,9524,2
28575,9525,0
28576,9525,1
28577,9525,2
28578,9526,0
28579,9526,1
28580,9526,2
28581,9527,0
28582,9527,1
28583,9527,2
28584,9528,0
28585,9528,1
28586,9528,2
28587,9529,0
28588,9529,1
28589,9529,2
28590,9530,0
28591,9530,1
28592,9530,2
28593,9531,0
28594,9531,1
28595,9531,2
28596,9532,0
28597,9532,1
28598,9532,2
28599,9533,0
28600,9533,1
28601,9533,2
28602,9534,0
28603,9534,1
28604,9534,2
28605,9535,0
28606,9535,1
28607,9535,2
28608,9536,0
28609,9536,1
28610,9536,2
28611,9537,0
28612,9537,1
28613,9537,2
28614,9538,0
28615,9538,1
28616,9538,2
28617,9539,0
28618,9539,1
28619,9539,2
28620,9540,0
28621,9540,1
28622,9540,2
28623,9541,0
28624,9541,1
28625,9541,2
28626,9542,0
28627,9542,1
28628,9542,2
28629,9543,0
28630,9543,1
28631,9543,2
28632,9544,0
28633,9544,1
28634,9544,2
28635,9545,0
28636,9545,1
28637,9545,2
28638,9546,0
28639,9546,1
28640,9546,2
28641,9547,0
28642,9547,1
28643,9547,2
28644,9548,0
28645,9548,1
28646,9548,2
28647,9549,0
28648,9549,1
28649,9549,2
28650,9550,0
28651,9550,1
28652,9550,2
28653,9551,0
28654,9551,1
28655,9551,2
28656,9552,0
28657,9552,1
28658,9552,2
28659,9553,0
28660,9553,1
28661,9553,2
28662,9554,0
28663,9554,1
28664,9554,2
28665,9555,0
28666,9555,1
28667,9555,2
28668,9556,0
28669,9556,1
28670,9556,2
28671,9557,0
28672,9557,1
28673,9557,2
28674,9558,0
28675,9558,1
28676,9558,2
28677,9559,0
28678,9559,1
28679,9559,2
28680,9560,0
28681,9560,1
28682,9560,2
28683,9561,0
28684,9561,1
28685,9561,2
28686,9562,0
28687,9562,1
28688,9562,2
28689,9563,0
28690,9563,1
28691,9563,2
28692,9564,0
28693,9564,1
28694,9564,2
28695,9565,0
28696,9565,1
28697,9565,2
28698,9566,0
28699,9566,1
28700,9566,2
28701,9567,0
28702,9567,1
28703,9567,2
28704,9568,0
28705,9568,1
28706,9568,2
28707,9569,0
28708,9569,1
28709,9569,2
28710,9570,0
28711,9570,1
28712,9570,2
28713,9571,0
28714,9571,1
28715,9571,2
28716,9572,0
28717,9572,1
28718,9572,2
28719,9573,0
28720,9573,1
28721,9573,2
28722,9574,0
28723,9574,1
28724,9574,2
28725,9575,0
28726,9575,1
28727,9575,2
28728,9576,0
28729,9576,1
28730,9576,2
28731,9577,0
28732,9577,1
28733,9577,2
28734,9578,0
28735,9578,1
28736,9578,2
28737,9579,0
28738,9579,1
28739,9579,2
28740,9580,0
28741,9580,1
28742,9580,2
28743,9581,0
28744,9581,1
28745,9581,2
28746,9582,0
28747,9582,1
28748,9582,2
28749,9583,0
28750,9583,1
28751,9583,2
28752,9584,0
28753,9584,1
28754,9584,2
28755,9585,0
28756,9585,1
28757,9585,2
28758,9586,0
28759,9586,1
28760,9586,2
28761,9587,0
28762,9587,1
28763,9587,2
28764,9588,0
28765,9588,1
28766,9588,2
28767,9589,0
28768,9589,1
28769,9589,2
28770,9590,0
28771,9590,1
28772,9590,2
28773,9591,0
28774,9591,1
28775,9591,2
28776,9592,0
28777,9592,1
28778,9592,2
28779,9593,0
28780,9593,1
28781,9593,2
28782,9594,0
28783,9594,1
28784,9594,2
28785,9595,0
28786,9595,1
28787,9595,2
28788,9596,0
28789,9596,1
28790,9596,2
28791,9597,0
28792,9597,1
28793,9597,2
28794,9598,0
28795,9598,1
28796,9598,2
28797,9599,0
28798,9599,1
28799,9599,2
28800,9600,0
28801,9600,1
28802,9600,2
28803,9601,0
28804,9601,1
28805,9601,2
28806,9602,0
28807,9602,1
28808,9602,2
28809,9603,0
28810,9603,1
28811,9603,2
28812,9604,0
28813,9604,1
28814,9604,2
28815,9605,0
28816,9605,1
28817,9605,2
28818,9606,0
28819,9606,1
28820,9606,2
28821,9607,0
28822,9607,1
28823,9607,2
28824,9608,0
28825,9608,1
28826,9608,2
28827,9609,0
28828,9609,1
28829,9609,2
28830,9610,0
28831,9610,1
28832,9610,2
28833,9611,0
28834,9611,1
28835,9611,2
28836,9612,0
28837,9612,1
28838,9612,2
28839,9613,0
28840,9613,1
28841,9613,2
28842,9614,0
28843,9614,1
28844,9614,2
28845,9615,0
28846,9615,1
28847,9615,2
28848,9616,0
28849,9616,1
28850,9616,2
28851,9617,0
28852,9617,1
28853,9617,2
28854,9618,0
28855,9618,1
28856,9618,2
28857,9619,0
28858,9619,1
28859,9619,2
28860,9620,0
28861,9620,1
28862,9620,2
28863,9621,0
28864,9621,1
28865,9621,2
28866,9622,0
28867,9622,1
28868,9622,2
28869,9623,0
28870,9623,1
28871,9623,2
28872,9624,0
28873,9624,1
28874,9624,2
28875,9625,0
28876,9625,1
28877,9625,2
28878,9626,0
28879,9626,1
28880,9626,2
28881,9627,0
28882,9627,1
28883,9627,2
28884,9628,0
28885,9628,1
28886,9628,2
28887,9629,0
28888,9629,1
28889,9629,2
28890,9630,0
28891,9630,1
28892,9630,2
28893,9631,0
28894,9631,1
28895,9631,2
28896,9632,0
28897,9632,1
28898,9632,2
28899,9633,0
28900,9633,1
28901,9633,2
28902,9634,0
28903,9634,1
28904,9634,2
28905,9635,0
28906,9635,1
28907,9635,2
28908,9636,0
28909,9636,1
28910,9636,2
28911,9637,0
28912,9637,1
28913,9637,2
28914,9638,0
28915,9638,1
28916,9638,2
28917,9639,0
28918,9639,1
28919,9639,2
28920,9640,0
28921,9640,1
28922,9640,2
28923,9641,0
28924,9641,1
28925,9641,2
28926,9642,0
28927,9642,1
28928,9642,2
28929,9643,0
28930,9643,1
28931,9643,2
28932,9644,0
28933,9644,1
28934,9644,2
28935,9645,0
28936,9645,1
28937,9645,2
28938,9646,0
28939,9646,1
28940,9646,2
28941,9647,0
28942,9647,1
28943,9647,2
28944,9648,0
28945,9648,1
28946,9648,2
28947,9649,0
28948,9649,1
28949,9649,2
28950,9650,0
28951,9650,1
28952,9650,2
28953,9651,0
28954,9651,1
28955,9651,2
28956,9652,0
28957,9652,1
28958,9652,2
28959,9653,0
28960,9653,1
28961,9653,2
28962,9654,0
28963,9654,1
28964,9654,2
28965,9655,0
28966,9655,1
28967,9655,2
28968,9656,0
28969,9656,1
28970,9656,2
28971,9657,0
28972,9657,1
28973,9657,2
28974,9658,0
28975,9658,1
28976,9658,2
28977,9659,0
28978,9659,1
28979,9659,2
28980,9660,0
28981,9660,1
28982,9660,2
28983,9661,0
28984,9661,1
28985,9661,2
28986,9662,0
28987,9662,1
28988,9662,2
28989,9663,0
28990,9663,1
28991,9663,2
28992,9664,0
28993,9664,1
28994,9664,2
28995,9665,0
28996,9665,1
28997,9665,2
28998,9666,0
28999,9666,1
29000,9666,2
29001,9667,0
29002,9667,1
29003,9667,2
29004,9668,0
29005,9668,1
29006,9668,2
29007,9669,0
29008,9669,1
29009,9669,2
29010,9670,0
29011,9670,1
29012,9670,2
29013,9671,0
29014,9671,1
29015,9671,2
29016,9672,0
29017,9672,1
29018,9672,2
29019,9673,0
29020,9673,1
29021,9673,2
29022,9674,0
29023,9674,1
29024,9674,2
29025,9675,0
29026,9675,1
29027,9675,2
29028,9676,0
29029,9676,1
29030,9676,2
29031,9677,0
29032,9677,1
29033,9677,2
29034,9678,0
29035,9678,1
29036,9678,2
29037,9679,0
29038,9679,1
29039,9679,2
29040,9680,0
29041,9680,1
29042,9680,2
29043,9681,0
29044,9681,1
29045,9681,2
29046,9682,0
29047,9682,1
29048,9682,2
